0.523218 -0.85174 0.0279669 -3.1872 0.852189 0.52309 -0.0122925 -5.15944 -0.0041592 0.0302647 0.999533 0.0352728
0.52039 -0.853456 0.0284104 -2.81718 0.853918 0.520262 -0.012308 -4.51804 -0.00427651 0.0306651 0.999521 0.0330972
0.517554 -0.855164 0.0288541 -2.447 0.855639 0.517426 -0.012322 -3.87636 -0.00439254 0.0310659 0.999508 0.0309205
0.514712 -0.856862 0.0292978 -2.07681 0.857351 0.514584 -0.0123345 -3.23469 -0.00450725 0.0314672 0.999495 0.0287437
0.511865 -0.858551 0.0297415 -1.70671 0.859053 0.511737 -0.0123455 -2.59316 -0.00462059 0.0318688 0.999481 0.0265674
0.509012 -0.86023 0.0301854 -1.33652 0.860746 0.508884 -0.0123551 -1.95147 -0.00473264 0.0322708 0.999468 0.0243904
0.506154 -0.861899 0.0306292 -0.966347 0.86243 0.506026 -0.0123632 -1.30981 -0.00484334 0.0326732 0.999454 0.0222134
0.50329 -0.863559 0.031073 -0.596247 0.864103 0.503162 -0.0123698 -0.668282 -0.00495269 0.0330759 0.999441 0.0200368
0.500421 -0.865209 0.0315168 -0.22613 0.865768 0.500293 -0.012375 -0.0267216 -0.0050607 0.0334789 0.999427 0.01786
0.497545 -0.866849 0.0319607 0.144048 0.867423 0.497418 -0.0123787 0.614945 -0.0051674 0.0338824 0.999412 0.0156828
0.494663 -0.86848 0.0324048 0.514323 0.869069 0.494536 -0.0123809 1.25678 -0.00527278 0.0342863 0.999398 0.0135049
0.491777 -0.870102 0.0328487 0.884514 0.870705 0.49165 -0.0123816 1.89847 -0.0053768 0.0346905 0.999384 0.0113274
0.488885 -0.871713 0.0332925 1.25461 0.872331 0.488759 -0.0123809 2.54 -0.00547945 0.0350949 0.999369 0.00915033
0.485988 -0.873314 0.0337364 1.6248 0.873948 0.485862 -0.0123787 3.18168 -0.00558078 0.0354997 0.999354 0.0069727
0.483085 -0.874906 0.0341803 1.99498 0.875555 0.48296 -0.012375 3.82336 -0.00568076 0.0359049 0.999339 0.00479498
0.48137 -0.875795 0.0355863 2.38935 0.876499 0.481228 -0.0130066 4.5667 -0.005734 0.0374523 0.999282 0.00526799
0.479407 -0.876992 0.0324779 2.78768 0.877586 0.479216 -0.0139149 5.33307 -0.00336067 0.035173 0.999376 0.00638473
0.478003 -0.87783 0.0304501 3.19028 0.878358 0.477745 -0.015739 6.10645 -0.000731175 0.0342694 0.999412 0.00682573
0.476271 -0.878901 0.0264297 3.59366 0.879298 0.476013 -0.0157345 6.8902 0.00124815 0.0307335 0.999527 0.00849359
0.475049 -0.879597 0.0252384 4.00291 0.879959 0.474817 -0.0148883 7.6814 0.00111212 0.0292815 0.999571 0.0123428
0.47361 -0.880341 0.0263375 4.41428 0.880735 0.473416 -0.0135475 8.4799 -0.000542163 0.0296125 0.999561 0.0191587
0.472209 -0.881076 0.0269149 4.8311 0.881484 0.472058 -0.0121243 9.28291 -0.00202302 0.0294503 0.999564 0.0241472
0.471207 -0.88159 0.0276346 5.24795 0.882019 0.471064 -0.0118867 10.093 -0.00253846 0.0299754 0.999547 0.0272864
0.469642 -0.882443 0.0270385 5.66893 0.882855 0.469483 -0.0123568 10.9074 -0.00178994 0.0296743 0.999558 0.0286819
0.468762 -0.882879 0.0280446 6.08983 0.883324 0.468551 -0.0140737 11.7227 -0.000714979 0.0313697 0.999508 0.0305302
0.467983 -0.88326 0.0290418 6.51467 0.883735 0.467802 -0.0131546 12.5451 -0.0019669 0.0318214 0.999492 0.0340417
0.467863 -0.883312 0.0293888 6.94054 0.883782 0.467811 -0.00904491 13.3737 -0.00575894 0.0302051 0.999527 0.0410725
0.46842 -0.882977 0.0305754 7.368 0.883455 0.468486 -0.00542441 14.206 -0.0095345 0.0295529 0.999518 0.0499399
0.469596 -0.882273 0.0327705 7.80019 0.882796 0.469744 -0.00348943 15.0427 -0.0123151 0.0305683 0.999457 0.0528451
0.470794 -0.881604 0.0335695 8.23436 0.882139 0.470983 -0.00253531 15.8825 -0.0135755 0.0308065 0.999433 0.0505042
0.471957 -0.881036 0.0321373 8.6725 0.881551 0.472068 -0.00453423 16.7266 -0.0111762 0.0304706 0.999473 0.0435543
0.472894 -0.88065 0.0287724 9.11352 0.881097 0.472864 -0.00823766 17.5758 -0.00635095 0.0292468 0.999552 0.0355168
0.474055 -0.880071 0.0273292 9.55903 0.880492 0.473914 -0.0118483 18.4299 -0.00252433 0.0296799 0.999556 0.0307054
0.474739 -0.87962 0.0298668 10.0084 0.88012 0.474592 -0.0122635 19.2881 -0.00338734 0.0321083 0.999479 0.0331703
0.474476 -0.879613 0.0339726 10.4598 0.880228 0.474469 -0.00878064 20.1491 -0.00839537 0.0340698 0.999384 0.0376307
0.473551 -0.87992 0.0386122 10.9142 0.880677 0.473671 -0.0065383 21.015 -0.0125363 0.0371011 0.999233 0.0418456
0.472714 -0.880042 0.0454684 11.3724 0.881131 0.472756 -0.0105043 21.8801 -0.0122512 0.0450292 0.998911 0.0389528
0.471461 -0.880664 0.0464379 11.831 0.881848 0.471282 -0.0154202 22.7497 -0.00830537 0.0482212 0.998802 0.0294321
0.470216 -0.88148 0.0434686 12.2862 0.882542 0.469868 -0.018534 23.626 -0.00408716 0.0470779 0.998883 0.0219783
0.468604 -0.882403 0.0421404 12.7513 0.883405 0.468189 -0.0198372 24.5237 -0.0022253 0.0465229 0.998915 0.0302342
0.46758 -0.882888 0.0433288 13.2357 0.883942 0.467234 -0.0184071 25.4659 -0.00399331 0.0469069 0.998891 0.0672617
0.466545 -0.883501 0.0419827 13.7098 0.884467 0.466399 -0.0138157 26.3926 -0.00737452 0.0435779 0.999023 0.0929536
0.465374 -0.884106 0.0422374 14.1858 0.885071 0.465291 -0.012383 27.3245 -0.00870482 0.0431458 0.999031 0.118875
0.464416 -0.884587 0.0427015 14.6562 0.885553 0.464424 -0.0103295 28.2424 -0.0106943 0.0426116 0.999034 0.133959
0.464179 -0.884593 0.0450926 15.1251 0.885625 0.464341 -0.00745787 29.1634 -0.0143412 0.0433969 0.998955 0.150547
0.463626 -0.885093 0.0407659 15.5855 0.885882 0.463901 -0.00299487 30.0796 -0.0162606 0.0375023 0.999164 0.154869
0.463748 -0.885054 0.040206 16.0442 0.885815 0.464031 -0.00255329 30.9924 -0.016397 0.0367992 0.999188 0.157437
0.463627 -0.885137 0.0397855 16.5024 0.885906 0.463848 -0.00405202 31.8985 -0.0148678 0.0371248 0.9992 0.154816
0.463887 -0.885149 0.0363337 16.9547 0.885809 0.464021 -0.00516968 32.8012 -0.0122836 0.0345829 0.999326 0.152185
0.463137 -0.885547 0.0362093 17.4091 0.886208 0.463252 -0.00562961 33.6956 -0.0117888 0.0346963 0.999328 0.161221
0.461904 -0.886081 0.0387964 17.8635 0.886831 0.462064 -0.00527156 34.5866 -0.0132554 0.0368408 0.999233 0.167337
0.46109 -0.886487 0.0392135 18.3125 0.887236 0.461297 -0.00414488 35.4766 -0.0144147 0.0367028 0.999222 0.175101
0.460874 -0.886742 0.0358304 18.7544 0.887379 0.461016 -0.00469483 36.3616 -0.0123553 0.0339589 0.999347 0.177232
0.460364 -0.887132 0.0325687 19.1939 0.887704 0.460322 -0.00923621 37.2429 -0.00679833 0.0331634 0.999427 0.175233
0.460012 -0.887359 0.0313505 19.6364 0.887897 0.459924 -0.0103983 38.122 -0.00519179 0.0326194 0.999454 0.176398
0.459625 -0.887481 0.0335047 20.0786 0.888069 0.459652 -0.00734852 38.9981 -0.00887885 0.0331321 0.999412 0.187891
0.459272 -0.8875 0.0375823 20.5182 0.888211 0.4594 -0.00567027 39.8695 -0.0122329 0.0359852 0.999277 0.195897
0.458986 -0.887581 0.0391442 20.9547 0.888348 0.459136 -0.00558047 40.7378 -0.0130194 0.0373351 0.999218 0.199062
0.458896 -0.887525 0.0413895 21.3895 0.888406 0.458995 -0.00764598 41.5997 -0.0122116 0.0402794 0.999114 0.198997
0.458479 -0.887624 0.0438241 21.8284 0.888642 0.458478 -0.0106663 42.4613 -0.0106247 0.0438342 0.998982 0.197138
0.45743 -0.888096 0.0452006 22.2626 0.889177 0.457436 -0.0108303 43.3175 -0.011058 0.0451455 0.998919 0.197275
0.456336 -0.888423 0.0496219 22.696 0.889676 0.456518 -0.0082713 44.1751 -0.0153049 0.0479219 0.998734 0.198383
0.455638 -0.8885 0.0544177 23.1245 0.889916 0.456104 -0.00424484 45.0324 -0.0210486 0.0503613 0.998509 0.196014
0.455065 -0.888815 0.054068 23.5463 0.890158 0.455648 -0.0017222 45.8867 -0.0231053 0.0489128 0.998536 0.188849
0.453895 -0.889567 0.0514741 23.9697 0.890827 0.454329 -0.00360498 46.7318 -0.0201793 0.0474908 0.998668 0.180566
0.452766 -0.890436 0.0461234 24.39 0.891546 0.452827 -0.00971177 47.5639 -0.0122382 0.0455183 0.998889 0.166187
0.451993 -0.890996 0.042756 24.8058 0.891999 0.451805 -0.0145028 48.3872 -0.00639538 0.0446935 0.99898 0.158975
0.450791 -0.891814 0.0381338 25.2112 0.892604 0.450689 -0.0117312 49.2048 -0.0067244 0.0393267 0.999204 0.160523
0.449933 -0.8923 0.0369071 25.6106 0.893009 0.449975 -0.00763239 50.0107 -0.00979688 0.0363924 0.99929 0.169178
0.448624 -0.893021 0.0353737 26.0037 0.893643 0.448754 -0.00460879 50.8034 -0.0117583 0.0336791 0.999364 0.178029
0.44755 -0.893584 0.0347343 26.3897 0.894194 0.447647 -0.00537285 51.5853 -0.0107476 0.0334638 0.999382 0.179533
0.446065 -0.894355 0.0339726 26.7687 0.894926 0.446197 -0.00403606 52.3543 -0.0115488 0.0322033 0.999415 0.182645
0.444703 -0.895056 0.0333743 27.1399 0.895589 0.444876 -0.00245042 53.1132 -0.0126542 0.0309794 0.99944 0.187201
0.443227 -0.895771 0.0338207 27.5072 0.896314 0.443414 -0.00216676 53.8585 -0.0130556 0.0312743 0.999426 0.192194
0.441899 -0.896398 0.0345707 27.8674 0.896959 0.44211 -0.0017085 54.5946 -0.0137525 0.0317635 0.999401 0.1939
0.440621 -0.897067 0.0335199 28.2201 0.897553 0.440905 0.00120367 55.3187 -0.0158589 0.0295556 0.999437 0.196773
0.43939 -0.897642 0.0342964 28.5646 0.898062 0.439826 0.00604469 56.0337 -0.0205104 0.0281443 0.999393 0.199874
0.437663 -0.89853 0.0330881 28.9072 0.898859 0.438149 0.00885782 56.7315 -0.0224566 0.0258648 0.999413 0.204123
0.436337 -0.899322 0.0288149 29.2355 0.899574 0.436702 0.0075729 57.4147 -0.019394 0.0226168 0.999556 0.204641
0.435336 -0.899939 0.0243582 29.5545 0.900191 0.435493 0.00128511 58.0824 -0.0117643 0.0213676 0.999702 0.201945
0.434051 -0.900606 0.0225525 29.8652 0.90087 0.434064 -0.00456908 58.7318 -0.00567431 0.0223001 0.999735 0.199366
0.433635 -0.900852 0.0206294 30.164 0.901082 0.433603 -0.00623019 59.3659 -0.00333249 0.0212904 0.999768 0.201436
0.432951 -0.901192 0.0201451 30.4528 0.901393 0.432997 -0.00225908 59.9788 -0.00668688 0.0191367 0.999795 0.215817
0.431718 -0.901767 0.0208786 30.734 0.901949 0.43184 0.00148504 60.5732 -0.0103553 0.0181903 0.999781 0.235283
0.430554 -0.9023 0.0218571 31.0098 0.902536 0.430607 -0.00245143 61.1464 -0.00719989 0.0207823 0.999758 0.246512
0.430594 -0.902152 0.0266375 31.2785 0.902542 0.430486 -0.00995452 61.7034 -0.0024866 0.0283279 0.999596 0.254076
0.43142 -0.901718 0.0279367 31.5385 0.902146 0.431108 -0.016694 62.2462 0.00300961 0.0324051 0.99947 0.263418
0.434027 -0.900515 0.026333 31.7875 0.900891 0.433709 -0.0170769 62.776 0.00395718 0.031135 0.999507 0.274388
0.437422 -0.898973 0.0225749 32.0304 0.899256 0.437263 -0.0117861 63.2938 0.000724161 0.0254561 0.999676 0.289183
0.441457 -0.896931 0.0251135 32.2723 0.897279 0.44136 -0.00959405 63.7948 -0.00247891 0.0267692 0.999639 0.30296
0.445994 -0.894503 0.0308892 32.5171 0.895013 0.445967 -0.00814572 64.2797 -0.00648917 0.0312791 0.99949 0.319552
0.452819 -0.890833 0.0370461 32.7566 0.891532 0.452913 -0.00627763 64.7534 -0.0111863 0.0358704 0.999294 0.337473
0.461944 -0.88624 0.0344333 32.989 0.886839 0.462047 -0.00537393 65.2155 -0.0111472 0.0330193 0.999393 0.344357
0.474852 -0.879582 0.0291772 33.2123 0.879997 0.474968 -0.00325177 65.6705 -0.0109981 0.02722 0.999569 0.349114
0.49035 -0.871174 0.0247723 33.4379 0.871443 0.490497 -0.000166888 66.1112 -0.0120054 0.0216695 0.999693 0.353272
0.508831 -0.860477 0.0258916 33.6704 0.860768 0.508997 -0.000179807 66.5314 -0.013024 0.0223781 0.999665 0.356897
0.530462 -0.847199 0.0293745 33.9082 0.847583 0.530662 -0.00115674 66.9365 -0.0146079 0.0255109 0.999568 0.363033
0.554562 -0.831556 0.031233 34.1521 0.831971 0.554819 -0.000516006 67.3278 -0.0168996 0.0262711 0.999512 0.368818
0.581071 -0.813212 0.0322765 34.4033 0.813621 0.581394 0.000772165 67.7097 -0.0193933 0.0258121 0.999479 0.372746
0.610353 -0.79146 0.0325807 34.6644 0.791852 0.610712 0.00137102 68.079 -0.0209825 0.0249623 0.999468 0.374002
0.642199 -0.76586 0.0322444 34.9352 0.766222 0.642574 0.00169188 68.4362 -0.0220151 0.0236198 0.999479 0.371821
0.675819 -0.736356 0.0323877 35.2172 0.736702 0.676215 0.00176851 68.7759 -0.0232033 0.0226649 0.999474 0.371429
0.710911 -0.702648 0.0298612 35.5107 0.702914 0.711272 0.00215896 69.0963 -0.0227564 0.019455 0.999552 0.371416
0.74769 -0.66348 0.0274644 35.8153 0.663713 0.747987 0.000835939 69.3978 -0.0210977 0.0176034 0.999622 0.369927
0.784566 -0.619501 0.0259867 36.1306 0.619718 0.784824 -0.000389602 69.6766 -0.0201536 0.0164101 0.999662 0.365147
0.820617 -0.570953 0.0245064 36.4578 0.571145 0.820849 -0.00103253 69.9331 -0.0195265 0.014844 0.999699 0.357456
0.85494 -0.518227 0.0227726 36.7952 0.518401 0.855135 -0.00209347 70.1646 -0.0183887 0.0135951 0.999738 0.348386
0.88661 -0.461979 0.0223232 37.1429 0.462192 0.886764 -0.00524704 70.3702 -0.0173714 0.0149697 0.999737 0.342455
0.914462 -0.404094 0.0216028 37.4993 0.404303 0.914604 -0.00619672 70.5494 -0.017254 0.0144007 0.999747 0.340394
0.938335 -0.344981 0.0227113 37.8631 0.3452 0.938507 -0.00639782 70.7065 -0.0191076 0.0138432 0.999722 0.33995
0.95818 -0.285132 0.0242892 38.2394 0.285308 0.958427 -0.00404346 70.8363 -0.0221265 0.0108043 0.999697 0.334704
0.974032 -0.225022 0.0250457 38.6196 0.225187 0.974308 -0.00393598 70.9422 -0.0235165 0.00947373 0.999679 0.327457
0.98593 -0.16539 0.0242439 39.0083 0.165596 0.986171 -0.0067234 71.0196 -0.0227966 0.0106435 0.999683 0.317926
0.993904 -0.107652 0.023794 39.3959 0.107973 0.994073 -0.0126375 71.0716 -0.0222926 0.0151296 0.999637 0.311431
0.99838 -0.0522641 0.0225013 39.7852 0.0525228 0.998558 -0.0110621 71.1037 -0.0218907 0.012226 0.999686 0.305046
0.999769 0.00186335 0.0214326 40.1778 -0.00173124 0.999979 -0.00618102 71.1181 -0.0214437 0.00614249 0.999751 0.296538
0.998426 0.052506 0.0197126 40.5711 -0.0524313 0.998615 -0.00428527 71.1118 -0.0199103 0.00324497 0.999797 0.287855
0.994955 0.0986799 0.0180951 40.9609 -0.0985193 0.995089 -0.00956617 71.0791 -0.0189502 0.00773519 0.99979 0.280516
0.989853 0.140946 0.0180505 41.3492 -0.140488 0.989778 -0.0245453 71.0219 -0.0213256 0.0217603 0.999536 0.275681
0.983875 0.177845 0.018991 41.7363 -0.177224 0.983697 -0.0305138 70.951 -0.0241081 0.0266562 0.999354 0.269786
0.977263 0.211381 0.0165709 42.1269 -0.210882 0.977121 -0.0276402 70.877 -0.0220344 0.0235173 0.999481 0.260119
0.970106 0.242248 0.0144804 42.5222 -0.242027 0.970146 -0.0154724 70.7968 -0.0177963 0.0115052 0.999775 0.252562
0.962629 0.270509 0.0130676 42.9153 -0.270423 0.962708 -0.00802941 70.7001 -0.0147523 0.00419557 0.999882 0.251439
0.955297 0.295453 0.0107598 43.312 -0.295381 0.955347 -0.00783286 70.5831 -0.0125936 0.00430448 0.999911 0.248527
0.94793 0.318402 0.00692393 43.7091 -0.318301 0.947905 -0.0126917 70.4479 -0.0106043 0.00982697 0.999896 0.244373
0.94126 0.337668 -0.0030678 44.1144 -0.337666 0.941093 -0.0180407 70.2941 -0.00320466 0.0180169 0.999833 0.22119
0.934408 0.356013 -0.0117143 44.5276 -0.356171 0.93427 -0.0168073 70.136 0.00496072 0.0198772 0.99979 0.196536
0.927856 0.372744 -0.01201 44.9517 -0.372888 0.927777 -0.0135594 69.9701 0.00608842 0.0170595 0.999836 0.189817
0.921984 0.387182 -0.00592202 45.385 -0.387227 0.9219 -0.0124407 69.7901 0.000642703 0.0137633 0.999905 0.199042
0.916191 0.400734 -0.00253728 45.8219 -0.40073 0.916096 -0.0135654 69.5957 -0.00311174 0.0134453 0.999905 0.207572
0.910619 0.413244 -0.00133535 46.2647 -0.41321 0.910492 -0.0161855 69.3871 -0.00547274 0.0152906 0.999868 0.212207
0.905586 0.424158 -0.00226993 46.7155 -0.424117 0.905394 -0.0196405 69.1659 -0.0062755 0.0187489 0.999805 0.211923
0.90105 0.433693 -0.00445907 47.1769 -0.433679 0.900795 -0.0221644 68.932 -0.00559585 0.0219051 0.999744 0.210243
0.897289 0.441402 -0.0061294 47.651 -0.441417 0.896991 -0.0236433 68.6876 -0.00493816 0.0239205 0.999702 0.208704
0.894566 0.446878 -0.00723454 48.1357 -0.446912 0.894229 -0.0249738 68.4321 -0.00469087 0.0255739 0.999662 0.205887
0.891968 0.45201 -0.00895341 48.6368 -0.452085 0.891606 -0.0256466 68.167 -0.00360962 0.0269236 0.999631 0.199714
0.889066 0.457671 -0.00996687 49.1545 -0.457771 0.88871 -0.0252896 67.8915 -0.00271666 0.0270467 0.99963 0.191874
0.886851 0.461921 -0.0111579 49.687 -0.462048 0.886437 -0.0272157 67.6035 -0.00268072 0.0292918 0.999567 0.187202
0.885251 0.464961 -0.0118902 50.2289 -0.465104 0.884789 -0.028748 67.3006 -0.0028464 0.0309794 0.999516 0.182232
0.883597 0.468093 -0.0120557 50.7873 -0.468237 0.883101 -0.0297728 66.9887 -0.00328999 0.0319521 0.999484 0.17764
0.882126 0.470855 -0.012209 51.3582 -0.470997 0.88158 -0.0312899 66.6647 -0.00396974 0.033352 0.999436 0.173126
0.881358 0.472234 -0.0142643 51.9414 -0.472432 0.880658 -0.0353551 66.3292 -0.00413398 0.0378994 0.999273 0.167854
0.881474 0.471963 -0.0159607 52.5378 -0.472214 0.880637 -0.0386308 65.9846 -0.00417675 0.0415889 0.999126 0.162288
0.88216 0.470648 -0.0168729 53.1478 -0.470931 0.881226 -0.0408103 65.6313 -0.00433842 0.0439471 0.999024 0.154709
0.883644 0.467805 -0.0182345 53.7765 -0.468144 0.882613 -0.0428412 65.2746 -0.00394732 0.0463927 0.998915 0.148662
0.885343 0.464569 -0.018533 54.4186 -0.464921 0.884267 -0.0438197 64.9097 -0.0039691 0.0474119 0.998868 0.142507
0.887138 0.461165 -0.017705 55.082 -0.461472 0.885963 -0.0459659 64.5454 -0.00551187 0.0489484 0.998786 0.142188
0.888929 0.45775 -0.0164513 55.7587 -0.457995 0.887724 -0.0467636 64.1774 -0.00680186 0.0491041 0.99877 0.141338
0.890776 0.454251 -0.0131865 56.4523 -0.454353 0.889651 -0.0456641 63.8074 -0.00901155 0.0466678 0.99887 0.137755
0.892602 0.450697 -0.0115894 57.1551 -0.450735 0.891515 -0.0451549 63.4367 -0.0100191 0.0455291 0.998913 0.132815
0.894413 0.447108 -0.0109618 57.8657 -0.447144 0.893434 -0.0428707 63.0659 -0.00937419 0.0432457 0.999021 0.127811
0.895964 0.443938 -0.0129705 58.5864 -0.444086 0.8951 -0.0398045 62.696 -0.00606084 0.0414235 0.999123 0.123133
0.896533 0.442699 -0.0157037 59.3128 -0.442977 0.89596 -0.0320578 62.3274 -0.000122033 0.0356972 0.999363 0.115979
0.896381 0.442943 -0.0173915 60.0433 -0.443274 0.895937 -0.0283696 61.9566 0.0030156 0.0331392 0.999446 0.111991
0.896404 0.442942 -0.0161946 60.7737 -0.443229 0.896028 -0.0261152 61.5836 0.00294332 0.0305877 0.999528 0.118504
0.896375 0.443127 -0.0122868 61.5048 -0.443297 0.896029 -0.0248789 61.2121 -1.51984e-05 0.0277476 0.999615 0.131306
0.896321 0.44324 -0.0121306 62.2337 -0.443406 0.895942 -0.0260472 60.8385 -0.000676811 0.0287254 0.999587 0.14073
0.896384 0.443164 -0.0100304 62.9626 -0.443274 0.896051 -0.0244986 60.4635 -0.00186915 0.0264064 0.99965 0.150546
0.896249 0.443457 -0.00919261 63.6898 -0.443548 0.895954 -0.0230617 60.0879 -0.0019907 0.0247463 0.999692 0.162672
0.896285 0.443393 -0.00874584 64.4156 -0.443477 0.896049 -0.020569 59.7161 -0.00128342 0.0223142 0.99975 0.170421
0.895765 0.444452 -0.00825881 65.1417 -0.444528 0.895597 -0.0173345 59.3451 -0.000307802 0.0191989 0.999816 0.17643
0.89455 0.446914 -0.00690952 65.8676 -0.446967 0.894428 -0.0148125 58.9746 -0.000439852 0.0163389 0.999866 0.18482
0.892826 0.450381 -0.00433571 66.5915 -0.450398 0.892736 -0.0128408 58.6028 -0.00191262 0.0134174 0.999908 0.193992
0.890623 0.45474 -0.00109596 67.3144 -0.454719 0.890554 -0.0120216 58.2284 -0.0044907 0.0112051 0.999927 0.206221
0.887794 0.460236 0.00201985 68.0343 -0.460188 0.887752 -0.0111229 57.85 -0.00691229 0.00894535 0.999936 0.216388
0.884274 0.466961 0.00254459 68.7495 -0.466914 0.884242 -0.010423 57.4644 -0.00711716 0.00802868 0.999942 0.223844
0.88017 0.474655 0.00206582 69.4577 -0.474619 0.880143 -0.00921759 57.0773 -0.0061934 0.00713256 0.999955 0.227801
0.875293 0.48359 0.00128826 70.1609 -0.48356 0.875263 -0.00917953 56.6812 -0.0055667 0.00741183 0.999957 0.232019
0.870319 0.492487 0.001341 70.8559 -0.49245 0.870282 -0.0101072 56.2822 -0.00614474 0.00813615 0.999948 0.238854
0.864931 0.50188 0.00318748 71.5429 -0.501831 0.864909 -0.00989231 55.8798 -0.00772163 0.00695659 0.999946 0.246356
0.859262 0.511525 0.00330894 72.225 -0.511466 0.859234 -0.0109482 55.4684 -0.00844344 0.00771498 0.999935 0.249516
0.853498 0.521086 0.00314758 72.8976 -0.521027 0.853468 -0.0110842 55.0518 -0.00846219 0.00782039 0.999934 0.252103
0.847635 0.530574 0.00261746 73.5616 -0.530522 0.847604 -0.010637 54.6315 -0.0078623 0.00762769 0.99994 0.254983
0.841889 0.539647 0.00191913 74.2173 -0.539608 0.841862 -0.00955068 54.2067 -0.00676963 0.00700504 0.999953 0.256809
0.836229 0.54838 0.000686822 74.8626 -0.548351 0.836196 -0.00934345 53.7782 -0.00569808 0.00743665 0.999956 0.258564
0.830908 0.556409 -0.000216446 75.4966 -0.556386 0.83087 -0.00945074 53.348 -0.00507864 0.00797313 0.999955 0.26165
0.825486 0.564422 -0.000972789 76.1188 -0.564404 0.825444 -0.00956597 52.9124 -0.00459626 0.00844562 0.999954 0.266686
0.820014 0.572342 -0.00127219 76.7328 -0.572326 0.81997 -0.00960911 52.4792 -0.00445654 0.00860771 0.999953 0.270508
0.814995 0.579465 -0.00189767 77.3339 -0.579449 0.814937 -0.0107733 52.0411 -0.0046963 0.00987983 0.99994 0.27663
0.810567 0.585644 -0.00150665 77.9248 -0.585613 0.810492 -0.0126729 51.6033 -0.00620071 0.0111546 0.999919 0.283605
0.807324 0.590106 -0.00164805 78.504 -0.590054 0.807208 -0.0158649 51.1666 -0.00803166 0.0137806 0.999873 0.293258
0.804873 0.593444 -0.00179761 79.0753 -0.59336 0.8047 -0.0195264 50.731 -0.0101413 0.0167829 0.999808 0.299063
0.803105 0.595835 -0.00173819 79.6369 -0.595725 0.802894 -0.0217546 50.3007 -0.0115666 0.0185067 0.999762 0.302755
0.801971 0.597362 -0.00141211 80.1857 -0.597234 0.801746 -0.0227002 49.8783 -0.0124281 0.0190482 0.999741 0.305184
0.801362 0.598178 -0.00163497 80.723 -0.598052 0.801131 -0.0228708 49.4636 -0.012371 0.0193056 0.999737 0.306358
0.801702 0.597716 -0.00311287 81.2457 -0.597617 0.801449 -0.0230724 49.0576 -0.011296 0.0203575 0.999729 0.306654
0.803286 0.595574 -0.00468332 81.754 -0.595507 0.803012 -0.0233035 48.6631 -0.0101182 0.0215084 0.999717 0.307217
0.806155 0.591679 -0.00548003 82.2506 -0.591632 0.805877 -0.0231175 48.2824 -0.00926193 0.0218785 0.999718 0.308324
0.810575 0.58561 -0.00538119 82.7324 -0.58557 0.810314 -0.022356 47.9185 -0.00873142 0.0212722 0.999736 0.310337
0.816795 0.576905 -0.00522449 83.2017 -0.57687 0.816549 -0.0216335 47.5703 -0.00821444 0.020684 0.999752 0.313586
0.824411 0.565968 -0.00518272 83.6554 -0.565936 0.824168 -0.0215269 47.2398 -0.00791211 0.0206801 0.999755 0.318129
0.833649 0.552266 -0.00557432 84.0996 -0.552256 0.833431 -0.0201358 46.9302 -0.00647451 0.0198647 0.999782 0.321133
0.844746 0.535119 -0.00721693 84.5415 -0.535156 0.844558 -0.0181693 46.6365 -0.00362764 0.0192106 0.999809 0.326706
0.857289 0.514755 -0.00911162 84.982 -0.514836 0.857149 -0.0155026 46.355 -0.000170032 0.0179812 0.999838 0.331679
0.871153 0.490911 -0.00993154 85.4247 -0.491008 0.871046 -0.0137638 46.0847 0.00189405 0.0168668 0.999856 0.336686
0.886615 0.462417 -0.00918857 85.8686 -0.462504 0.886517 -0.013316 45.8282 0.00198827 0.016056 0.999869 0.342865
0.903227 0.429109 -0.00688279 86.3157 -0.429164 0.903111 -0.0144673 45.5882 7.89867e-06 0.0160211 0.999872 0.35235
0.920245 0.39133 -0.00304278 86.7657 -0.391328 0.920121 -0.0154869 45.3675 -0.00326075 0.0154425 0.999875 0.363109
0.936802 0.349852 0.00241796 87.2196 -0.349772 0.936699 -0.0159538 45.1703 -0.00784637 0.0140998 0.99987 0.375234
0.95257 0.304223 0.00770057 87.6799 -0.304093 0.952531 -0.0145505 44.9907 -0.0117616 0.0115187 0.999864 0.385802
0.967044 0.254366 0.0111347 88.1414 -0.254222 0.967061 -0.0128469 44.8408 -0.0140358 0.00959282 0.999855 0.396482
0.979767 0.199768 0.0121887 88.5998 -0.19962 0.979796 -0.0123527 44.7161 -0.0144101 0.00966968 0.999849 0.400061
0.990101 0.139959 0.0105537 89.0573 -0.139785 0.990057 -0.0157254 44.6144 -0.0126497 0.0140945 0.999821 0.403308
0.997101 0.0757818 0.00683981 89.511 -0.0756531 0.996982 -0.0174384 44.5416 -0.00814068 0.0168704 0.999825 0.404326
0.999956 0.00916203 0.00185066 89.9633 -0.00912204 0.999747 -0.0205674 44.4999 -0.00203863 0.0205496 0.999787 0.404599
0.998276 -0.0586793 -0.00142818 90.4125 0.058641 0.998093 -0.019273 44.492 0.00255638 0.019156 0.999813 0.403406
0.991942 -0.126636 -0.00368099 90.8573 0.126552 0.991801 -0.0177672 44.5163 0.00590079 0.0171582 0.999835 0.403028
0.980945 -0.194225 -0.00491751 91.2991 0.1941 0.980797 -0.0190298 44.5713 0.00851913 0.0177127 0.999807 0.406045
0.965541 -0.260225 -0.00359351 91.7332 0.260097 0.965356 -0.0209163 44.653 0.00891195 0.0192609 0.999775 0.414098
0.945895 -0.324468 0.00192288 92.1599 0.324437 0.94568 -0.0207303 44.7666 0.0049079 0.0202325 0.999783 0.427738
0.921999 -0.387084 0.00914164 92.5742 0.387191 0.921806 -0.0188999 44.9106 -0.00111097 0.0209653 0.99978 0.44412
0.894788 -0.446242 0.0149032 92.9797 0.446449 0.894662 -0.016223 45.0856 -0.00609394 0.0211696 0.999757 0.45818
0.865401 -0.500637 0.0210585 93.3762 0.500941 0.865386 -0.0128559 45.2892 -0.0117875 0.0216746 0.999696 0.468583
0.835494 -0.548938 0.0248417 93.7636 0.549251 0.835622 -0.00767874 45.5205 -0.0165431 0.0200599 0.999662 0.479051
0.806475 -0.590697 0.0259786 94.1408 0.590973 0.806682 -0.00386381 45.7783 -0.0186741 0.0184687 0.999655 0.483479
0.780068 -0.625233 0.0240308 94.5093 0.62534 0.780344 0.00367985 46.0661 -0.021053 0.0121569 0.999704 0.479984
0.756211 -0.654006 0.0205042 94.8688 0.65405 0.756432 0.00541669 46.371 -0.0190526 0.00931459 0.999775 0.467878
0.734365 -0.678513 0.0181162 95.2256 0.678524 0.73455 0.00645958 46.6876 -0.0176902 0.00754862 0.999815 0.456904
0.717907 -0.695784 0.0222257 95.5815 0.695929 0.718109 0.0016314 47.0168 -0.0170955 0.0142963 0.999752 0.451704
0.706256 -0.70752 0.024882 95.9331 0.707741 0.706472 -0.000149692 47.3583 -0.0174725 0.0177157 0.99969 0.451798
0.69695 -0.716778 0.0221504 96.2862 0.716921 0.697152 0.00203101 47.716 -0.016898 0.0144646 0.999753 0.442991
0.689643 -0.723919 0.0182995 96.6407 0.72395 0.689826 0.00604473 48.0874 -0.0169994 0.00907925 0.999814 0.428511
0.685102 -0.728339 0.012544 97.001 0.728276 0.685213 0.00985468 48.4708 -0.0157729 0.00238403 0.999873 0.417443
0.6829 -0.73049 0.00565055 97.3647 0.730415 0.682916 0.0109325 48.8641 -0.0118449 -0.00333856 0.999924 0.409739
0.682311 -0.731056 0.00299127 97.7409 0.730999 0.6823 0.0103575 49.2635 -0.00961286 -0.00488042 0.999942 0.40932
0.683909 -0.729563 0.00225894 98.1239 0.729533 0.683904 0.00752759 49.6701 -0.00703675 -0.00350022 0.999969 0.407358
0.687038 -0.726622 -6.17269e-05 98.5183 0.726622 0.687037 0.000308394 50.0845 -0.000181677 -0.00025673 1 0.397835
0.690089 -0.72372 -0.00254598 98.9185 0.723706 0.690093 -0.00471248 50.5053 0.00516748 0.00140949 0.999986 0.39016
0.693254 -0.72067 -0.00579072 99.3286 0.720679 0.693268 -0.000732178 50.9393 0.00454218 -0.00366567 0.999983 0.391786
0.697364 -0.71669 -0.00629886 99.7462 0.716717 0.697344 0.00532182 51.3825 0.000578376 -0.00822574 0.999966 0.398475
0.70092 -0.713237 -0.00207615 100.18 0.713229 0.700891 0.00747894 51.8264 -0.00387909 -0.00672291 0.99997 0.40728
0.703605 -0.710578 0.0042604 100.626 0.710525 0.703609 0.00941649 52.2734 -0.00968882 -0.00359837 0.999947 0.416282
0.706119 -0.708035 0.00903879 101.08 0.70794 0.706175 0.0117523 52.7282 -0.014704 -0.00189958 0.99989 0.421959
0.708424 -0.705672 0.0127515 101.542 0.705605 0.708536 0.00989474 53.1903 -0.0160173 0.00198784 0.99987 0.4201
0.708908 -0.705161 0.0140752 102.014 0.705174 0.709018 0.00485053 53.654 -0.0134 0.0064869 0.999889 0.414805
0.708729 -0.705384 0.0117018 102.494 0.705442 0.708767 -0.00122597 54.1262 -0.00742909 0.00912384 0.999931 0.407122
0.708325 -0.705858 0.00629443 102.977 0.705886 0.70829 -0.00707925 54.6091 0.000538668 0.00945756 0.999955 0.397
0.70669 -0.707522 0.00112216 103.47 0.707506 0.706661 -0.00809582 55.1005 0.00493498 0.00651518 0.999967 0.389583
0.704853 -0.709342 0.00403523 103.972 0.709352 0.704828 -0.0060805 55.602 0.00146901 0.00714826 0.999973 0.393014
0.703595 -0.710517 0.0109361 104.484 0.710578 0.703613 -0.00276361 56.1131 -0.00573115 0.00971538 0.999936 0.40463
0.701738 -0.712276 0.0150634 105.001 0.712313 0.701852 0.00367177 56.6334 -0.0131876 0.00815327 0.99988 0.41599
0.700364 -0.713679 0.0123318 105.52 0.713676 0.700455 0.00542442 57.1643 -0.0125091 0.00500182 0.999909 0.414619
0.699057 -0.715043 0.00574724 106.044 0.715016 0.699081 0.00613719 57.7053 -0.00840613 -0.000180871 0.999965 0.405695
0.696422 -0.71763 0.00199842 106.577 0.717628 0.696425 0.00174518 58.2517 -0.00264415 0.000218742 0.999996 0.396464
0.6934 -0.720553 0.000573971 107.118 0.720552 0.693398 -0.00181731 58.807 0.000911477 0.0016737 0.999998 0.392108
0.69069 -0.723145 0.00292224 107.665 0.723151 0.690687 -0.00198713 59.3726 -0.00058137 0.00348571 0.999994 0.396212
0.688023 -0.725656 0.00687859 108.217 0.725686 0.688017 -0.00366116 59.9453 -0.00207585 0.00751066 0.99997 0.403504
0.686609 -0.726965 0.00944357 108.776 0.727011 0.686622 -0.0022736 60.5301 -0.00483134 0.00842665 0.999953 0.41141
0.685427 -0.728021 0.0132403 109.345 0.728104 0.685464 -0.0022294 61.1322 -0.0074527 0.0111684 0.99991 0.41464
0.684949 -0.728374 0.017803 109.916 0.728539 0.684989 -0.00469514 61.7347 -0.00877503 0.0161861 0.99983 0.415942
0.684452 -0.728818 0.0186902 110.492 0.728979 0.68453 -0.00284688 62.3453 -0.0107191 0.0155733 0.999821 0.417572
0.684831 -0.728564 0.0142142 111.064 0.728649 0.684886 -0.00124446 62.9599 -0.00882842 0.0112094 0.999898 0.414893
0.685263 -0.728257 0.00751617 111.642 0.728277 0.685283 7.47793e-05 63.5801 -0.00520516 0.00542261 0.999972 0.410366
0.685734 -0.727852 0.0010916 112.223 0.727844 0.685732 0.00384348 64.2014 -0.00354603 -0.00184109 0.999992 0.405556
0.687615 -0.726065 -0.0039083 112.805 0.726062 0.68756 0.00972612 64.8299 -0.0043746 -0.00952549 0.999945 0.406539
0.690022 -0.723772 -0.00484682 113.392 0.723753 0.689907 0.0144611 65.4589 -0.00712266 -0.0134864 0.999884 0.413094
0.691799 -0.722068 -0.00558748 113.986 0.72206 0.691679 0.0144572 66.0839 -0.00657431 -0.0140359 0.99988 0.415693
0.693322 -0.720592 -0.00723489 114.584 0.720621 0.693233 0.0115637 66.7135 -0.00331726 -0.013231 0.999907 0.410973
0.69419 -0.71979 -0.00140879 115.19 0.719781 0.694167 0.00694032 67.3462 -0.00401764 -0.00583192 0.999975 0.406438
0.694322 -0.719658 0.00312405 115.799 0.719653 0.694329 0.0025652 67.9795 -0.00401518 0.000467158 0.999992 0.402469
0.695473 -0.718537 0.00466012 116.403 0.718541 0.695484 0.00103647 68.6089 -0.00398578 0.00262765 0.999989 0.402781
0.696145 -0.717891 0.00378985 117.005 0.71787 0.696154 0.00574605 69.2419 -0.00676337 -0.00127946 0.999976 0.399931
0.696825 -0.717224 0.00506184 117.607 0.717155 0.696833 0.0106404 69.8721 -0.0111588 -0.00378437 0.999931 0.400065
0.697554 -0.71651 0.00559234 118.209 0.716328 0.69752 0.0184593 70.4965 -0.0171271 -0.00887041 0.999814 0.404627
0.698372 -0.715729 0.00298384 118.807 0.71564 0.698341 0.0133927 71.104 -0.0116693 -0.00721776 0.999906 0.407534
0.698845 -0.71527 -0.00222584 119.407 0.71527 0.698848 -0.00114345 71.7025 0.0023734 -0.000792982 0.999997 0.405605
0.698522 -0.715571 -0.00493874 120.01 0.715467 0.698514 -0.0136227 72.2972 0.0131978 0.00598226 0.999895 0.408257
0.697865 -0.716229 -0.000574758 120.611 0.716193 0.697837 -0.00955918 72.8985 0.00724766 0.00625938 0.999954 0.424493
0.696996 -0.716913 0.0152623 121.211 0.716932 0.697124 0.00512936 73.5027 -0.014317 0.00736691 0.99987 0.45764
0.695719 -0.717768 0.02801 121.81 0.717557 0.696247 0.0187778 74.1059 -0.03298 0.00703474 0.999431 0.486622
0.695382 -0.718269 0.0231161 122.4 0.718098 0.695747 0.0164888 74.699 -0.0279264 0.0051336 0.999597 0.473849
0.69477 -0.719181 0.00861916 122.987 0.719139 0.694823 0.00778908 75.289 -0.0115905 0.000786757 0.999933 0.440306
0.694014 -0.719958 0.00230372 123.574 0.71996 0.694016 -6.43544e-05 75.8755 -0.00155249 0.00170325 0.999997 0.415311
0.692687 -0.721222 0.00482534 124.162 0.721238 0.692677 -0.00376319 76.4632 -0.000628305 0.00608693 0.999981 0.416459
0.6907 -0.723107 0.00706262 124.74 0.723129 0.690712 -0.000966659 77.0584 -0.00417924 0.00577486 0.999975 0.420517
0.688202 -0.725489 0.00667216 125.31 0.725515 0.6882 -0.00296788 77.6515 -0.00243861 0.00688325 0.999973 0.407392
0.68461 -0.728892 0.00510023 125.879 0.72891 0.684595 -0.00451594 78.2405 -0.000199957 0.00680927 0.999977 0.392247
0.682243 -0.731122 0.00197218 126.439 0.731125 0.682242 -0.00138874 78.8344 -0.000330164 0.00238937 0.999997 0.386222
0.68056 -0.732683 -0.00383772 126.997 0.732692 0.680556 0.00241072 79.4317 0.000845495 -0.00445251 0.99999 0.377068
0.679239 -0.733907 -0.00392445 127.557 0.733915 0.679215 0.0058899 80.0276 -0.0016571 -0.00688086 0.999975 0.376291
0.678149 -0.734925 -0.000163825 128.117 0.734899 0.678123 0.00853815 80.6221 -0.00616381 -0.00591053 0.999964 0.380914
0.677218 -0.73578 0.00160939 128.674 0.735745 0.677204 0.00855843 81.2146 -0.00738701 -0.00461182 0.999962 0.379562
0.675344 -0.737502 0.000852234 129.227 0.737494 0.675341 0.00401762 81.8103 -0.00353855 -0.00208476 0.999992 0.375131
0.672081 -0.740474 0.00223559 129.776 0.740478 0.672079 -0.00153071 82.3982 -0.000369042 0.00268417 0.999996 0.368143
0.667245 -0.744827 0.00407025 130.322 0.744837 0.66722 -0.00594391 82.9959 0.00171144 0.00699771 0.999974 0.367034
0.662162 -0.749326 0.00726945 130.862 0.749356 0.662162 -0.00266103 83.6003 -0.00281958 0.00720943 0.99997 0.373812
0.657409 -0.753407 0.0138076 131.398 0.753439 0.657507 0.00380696 84.2085 -0.0119468 0.00790048 0.999897 0.385134
0.654125 -0.756077 0.0216604 131.925 0.75611 0.654392 0.00830275 84.8228 -0.0204519 0.0109466 0.999731 0.389006
0.650831 -0.758993 0.0186715 132.445 0.758807 0.651091 0.0170816 85.4403 -0.0251217 0.00305086 0.99968 0.382004
0.647688 -0.761785 0.0135968 132.961 0.76164 0.64783 0.0148562 86.0569 -0.0201256 0.000733708 0.999797 0.368037
0.642413 -0.766319 0.00776305 133.48 0.766298 0.642457 0.00609209 86.6705 -0.00965591 0.00203517 0.999951 0.347629
0.637373 -0.770529 0.00637485 133.999 0.770551 0.637376 -0.0018528 87.2899 -0.00263554 0.00609307 0.999978 0.330625
0.63227 -0.774705 0.00821529 134.514 0.774741 0.632274 -0.00242185 87.9189 -0.00331809 0.00789599 0.999963 0.327465
0.626176 -0.779667 0.00470435 135.027 0.77965 0.626194 0.00514385 88.5553 -0.00695633 0.000446791 0.999976 0.332947
0.620066 -0.784549 -0.000482387 135.53 0.784526 0.620043 0.00812065 89.196 -0.00607195 -0.00541378 0.999967 0.329791
0.612242 -0.79065 -0.00560817 136.037 0.79067 0.612224 0.00471347 89.8338 -0.00029325 -0.00731999 0.999973 0.320416
0.605362 -0.795929 -0.00587638 136.538 0.795946 0.605366 0.00135507 90.4764 0.00247882 -0.00549759 0.999982 0.311215
0.59884 -0.800852 -0.0051185 137.035 0.800867 0.598837 0.00225192 91.128 0.00126169 -0.00544778 0.999984 0.308349
0.592575 -0.805505 -0.0040465 137.52 0.805494 0.592516 0.0101988 91.7903 -0.00581761 -0.00930302 0.99994 0.309533
0.586161 -0.810187 -0.00347317 137.999 0.810109 0.586032 0.017021 92.4587 -0.0117548 -0.0127907 0.999849 0.312071
0.579835 -0.814733 -0.000913058 138.477 0.814589 0.579711 0.0195151 93.1282 -0.0153703 -0.0120593 0.999809 0.311909
0.574649 -0.8184 -0.000126636 138.949 0.818221 0.57452 0.0210244 93.7985 -0.0171336 -0.0121852 0.999779 0.307443
0.570962 -0.820976 -9.74553e-05 139.419 0.820813 0.570847 0.0199983 94.4748 -0.0163625 -0.0114982 0.9998 0.301677
0.567393 -0.823419 -0.00684647 139.881 0.823387 0.567231 0.0168433 95.1537 -0.0099856 -0.0151941 0.999835 0.291857
0.564391 -0.82536 -0.0156213 140.336 0.825497 0.564184 0.0158546 95.8361 -0.00427249 -0.0218435 0.999752 0.27877
0.562126 -0.826839 -0.0187501 140.789 0.827052 0.561978 0.0129089 96.5225 -0.000136508 -0.0227637 0.999741 0.26633
0.559535 -0.828637 -0.016788 141.249 0.828781 0.559246 0.0191198 97.2131 -0.00645472 -0.0246117 0.999676 0.263048
0.557656 -0.829957 -0.0138495 141.704 0.829924 0.557162 0.0282421 97.9102 -0.0157233 -0.0272434 0.999505 0.260313
0.555027 -0.831768 -0.0103641 142.159 0.831478 0.554384 0.0360987 98.6034 -0.0242801 -0.0286533 0.999294 0.259577
0.551025 -0.834433 -0.00970395 142.611 0.834188 0.550477 0.0332506 99.2916 -0.0224036 -0.0264168 0.9994 0.246069
0.546872 -0.837199 -0.00542506 143.064 0.837104 0.54668 0.019956 99.9772 -0.0137413 -0.0154547 0.999786 0.225917
0.540973 -0.841028 -0.00457329 143.513 0.84102 0.540913 0.00991939 100.665 -0.00586873 -0.00921234 0.99994 0.202649
0.535141 -0.844733 -0.00713031 143.951 0.844727 0.535022 0.0136837 101.362 -0.00774422 -0.0133459 0.999881 0.187419
0.528898 -0.848679 -0.00329727 144.389 0.848589 0.528775 0.0171384 102.064 -0.0128015 -0.0118625 0.999848 0.183188
0.522585 -0.852582 0.00302117 144.828 0.852403 0.522542 0.0189551 102.77 -0.0177395 -0.00733042 0.999816 0.176632
0.517633 -0.855528 0.0113436 145.265 0.855368 0.517756 0.0165492 103.484 -0.0200315 0.00113652 0.999799 0.164807
0.512451 -0.858564 0.0161955 145.7 0.858446 0.512672 0.015451 104.203 -0.0215686 0.0059851 0.999749 0.154224
0.507232 -0.861661 0.0160019 146.127 0.86167 0.507396 0.00855828 104.924 -0.0154936 0.00944731 0.999835 0.138798
0.501149 -0.865192 0.0170779 146.549 0.865342 0.501171 -0.00329056 105.644 -0.00571197 0.0164273 0.999849 0.117284
0.495263 -0.868404 0.0242625 146.975 0.868741 0.495007 -0.0160448 106.364 0.00192328 0.0290243 0.999577 0.104203
0.489647 -0.871521 0.0263873 147.392 0.871903 0.489605 -0.00848815 107.096 -0.00552174 0.0271634 0.999616 0.103782
0.484917 -0.874235 0.0238418 147.798 0.874376 0.485194 0.00727181 107.841 -0.0179252 0.0173205 0.999689 0.106777
0.480494 -0.876698 0.0229195 148.201 0.876567 0.480913 0.0187867 108.588 -0.0274925 0.0110636 0.999561 0.107656
0.477027 -0.878603 0.0224057 148.601 0.878515 0.477413 0.0169722 109.332 -0.0256086 0.0115876 0.999605 0.0917299
0.475617 -0.879497 0.0165274 148.997 0.879522 0.475787 0.00828207 110.079 -0.0151476 0.0105972 0.999829 0.0658856
0.473165 -0.880972 0.00192015 149.388 0.88096 0.473169 0.00454667 110.828 -0.00491404 -0.000459749 0.999988 0.041828
0.471485 -0.881874 -0.000493588 149.783 0.881873 0.471484 0.0014965 111.581 -0.00108701 -0.00114086 0.999999 0.0306281
0.469065 -0.883133 0.00729113 150.187 0.88315 0.469088 0.00175001 112.333 -0.00496568 0.00561829 0.999972 0.0338426
0.468614 -0.883325 0.0117326 150.586 0.883293 0.468724 0.00957881 113.09 -0.0139605 0.00587452 0.999885 0.0384297
0.468901 -0.883146 0.0135799 150.982 0.883019 0.469075 0.0156715 113.853 -0.0202102 0.00464296 0.999785 0.0426512
0.467385 -0.883947 0.0137334 151.38 0.88385 0.467555 0.0142125 114.612 -0.0189842 0.00549557 0.999805 0.0390602
0.465673 -0.884893 0.0105893 151.777 0.884882 0.465756 0.00746106 115.368 -0.0115343 0.00589586 0.999916 0.0291626
0.463932 -0.885761 0.0139619 152.178 0.885871 0.463878 -0.00707829 116.121 -0.000206929 0.0156523 0.999877 0.0178599
0.461948 -0.886653 0.021221 152.581 0.886888 0.46165 -0.0175917 116.873 0.00580104 0.0269471 0.99962 0.0173173
0.460853 -0.887195 0.0223729 152.976 0.887476 0.460676 -0.0128217 117.634 0.00106865 0.0257643 0.999667 0.0258314
0.459658 -0.887813 0.0224029 153.367 0.888055 0.459734 -0.00194257 118.396 -0.00857473 0.0207879 0.999747 0.0416325
0.458038 -0.888639 0.0228466 153.752 0.888819 0.458239 0.00422109 119.15 -0.0142202 0.0183731 0.99973 0.0515711
0.457284 -0.889013 0.0233843 154.138 0.889256 0.457409 -1.31685e-06 119.9 -0.010695 0.0207952 0.999727 0.0476169
0.457209 -0.889145 0.0195209 154.527 0.88935 0.457196 -0.0053963 120.645 -0.00412678 0.0198282 0.999795 0.0384569
0.45704 -0.889354 0.0127873 154.906 0.889443 0.457026 -0.00414494 121.397 -0.00215781 0.013268 0.99991 0.034107
0.456597 -0.889592 0.0120449 155.286 0.88965 0.456641 0.00105976 122.146 -0.00644293 0.0102318 0.999927 0.0402104
0.455854 -0.889992 0.0105068 155.666 0.890003 0.455923 0.00533079 122.891 -0.00953465 0.00692101 0.999931 0.0453485
0.455502 -0.890189 0.00902869 156.044 0.890149 0.455575 0.00928116 123.636 -0.0123752 0.0038093 0.999916 0.0450227
0.455019 -0.890466 0.00533201 156.417 0.890396 0.455051 0.0111327 124.381 -0.0123396 -0.00031798 0.999924 0.0414116
0.454525 -0.890715 0.0058397 156.788 0.890678 0.45456 0.00827018 125.122 -0.0100209 0.00144229 0.999949 0.0387134
0.453644 -0.891181 0.00163205 157.154 0.891173 0.453647 0.00394044 125.855 -0.00425202 -0.000333116 0.999991 0.0284714
0.452617 -0.891705 -0.000377972 157.517 0.8917 0.452614 0.00344134 126.585 -0.00289758 -0.00189465 0.999994 0.0205595
0.451897 -0.89207 0.000973622 157.866 0.892027 0.451885 0.00935959 127.282 -0.00878937 -0.00336107 0.999956 0.0206159
0.454799 -0.890594 0.000541167 158.185 0.890561 0.454787 0.0083995 127.91 -0.00772666 -0.00333814 0.999965 0.0133192
0.457697 -0.889108 0.000105454 158.504 0.889083 0.457685 0.00744051 128.539 -0.00666369 -0.00331174 0.999972 0.00602032
