0.520346 -0.853432 0.0298964 -3.36895 0.853899 0.520394 -0.00677646 -5.38871 -0.00977465 0.0290546 0.99953 0.337729
0.518802 -0.854287 0.0322135 -3.03334 0.854837 0.518837 -0.00794517 -4.82576 -0.00992608 0.0316592 0.999449 0.325606
0.517028 -0.855331 0.0330205 -2.6892 0.855904 0.517077 -0.007679 -4.2502 -0.010506 0.0322326 0.999425 0.3184
0.514878 -0.856601 0.0336828 -2.33326 0.857198 0.514927 -0.0078593 -3.65876 -0.0106119 0.0329194 0.999402 0.310922
0.511695 -0.858531 0.0330509 -1.9695 0.859111 0.511722 -0.00827555 -3.05392 -0.00980805 0.0326289 0.999419 0.308671
0.507858 -0.860833 0.0323462 -1.58924 0.861397 0.507851 -0.00906706 -2.4362 -0.00862184 0.0324678 0.999436 0.311447
0.503729 -0.863299 0.0311867 -1.20031 0.863829 0.503695 -0.00952667 -1.80043 -0.0074842 0.0317388 0.999468 0.31532
0.499764 -0.865664 0.0293435 -0.80815 0.866136 0.499724 -0.00922704 -1.1526 -0.00667613 0.0300268 0.999527 0.319695
0.495412 -0.86821 0.0279075 -0.408271 0.868636 0.495375 -0.0087084 -0.488506 -0.00626396 0.0285557 0.999573 0.325674
0.491073 -0.870692 0.0272525 -0.00367181 0.871092 0.491061 -0.00758765 0.191143 -0.00677612 0.0274655 0.9996 0.33208
0.487108 -0.872889 0.0281361 0.406829 0.873306 0.487126 -0.00666267 0.890966 -0.00789007 0.0278169 0.999582 0.33779
0.483543 -0.87485 0.0286983 0.816319 0.875281 0.483574 -0.00629199 1.59973 -0.00837322 0.0281615 0.999568 0.344508
0.480672 -0.876433 0.0286347 1.22662 0.876862 0.480701 -0.00632881 2.32978 -0.00821796 0.0281508 0.99957 0.351824
0.478131 -0.877799 0.0293103 1.63811 0.878252 0.478149 -0.00685731 3.07059 -0.00799532 0.0290205 0.999547 0.359713
0.475902 -0.878994 0.0297819 2.04689 0.879462 0.475915 -0.00711249 3.82009 -0.00792184 0.0295769 0.999531 0.367693
0.474121 -0.879919 0.0308438 2.45703 0.880427 0.474115 -0.00796948 4.58099 -0.00761102 0.0309342 0.999492 0.37442
0.472474 -0.880835 0.0299691 2.86855 0.881326 0.472411 -0.00959887 5.35407 -0.00570273 0.0309478 0.999505 0.378963
0.471125 -0.881653 0.0270072 3.27934 0.882063 0.470989 -0.0115886 6.13723 -0.00250295 0.0292817 0.999568 0.380758
0.469836 -0.882436 0.0236809 3.69064 0.882754 0.469678 -0.0121767 6.93004 -0.000377198 0.0266255 0.999645 0.380213
0.468401 -0.883254 0.0215175 4.10152 0.883516 0.468251 -0.0118633 7.73169 0.000402696 0.0245678 0.999698 0.381296
0.467415 -0.883755 0.0223736 4.51553 0.884037 0.467293 -0.0107282 8.53882 -0.000973933 0.0247937 0.999692 0.38439
0.466116 -0.884407 0.0236875 4.93485 0.88472 0.466023 -0.00960885 9.34969 -0.00254082 0.0254357 0.999673 0.386318
0.46517 -0.884884 0.0244383 5.35584 0.885214 0.465097 -0.00894616 10.1688 -0.00344989 0.0257946 0.999661 0.389132
0.463763 -0.885633 0.0240389 5.77969 0.885955 0.463673 -0.00954663 10.9934 -0.00269136 0.0257247 0.999665 0.388699
0.462878 -0.886089 0.0243028 6.20454 0.886421 0.462749 -0.0110237 11.8173 -0.00147811 0.0266451 0.999644 0.388415
0.462344 -0.88635 0.0249274 6.62995 0.886698 0.462228 -0.0106019 12.6426 -0.00212513 0.0270048 0.999633 0.386111
0.462321 -0.886378 0.0243698 7.05552 0.886699 0.462293 -0.00713537 13.4746 -0.00494137 0.0249075 0.999678 0.387841
0.463042 -0.885977 0.0252187 7.48254 0.886291 0.463119 -0.00307449 14.3121 -0.00895533 0.0237747 0.999677 0.386252
0.464127 -0.885368 0.0266371 7.91303 0.885682 0.464292 -1.87374e-07 15.1498 -0.0123672 0.0235921 0.999645 0.379138
0.46575 -0.884458 0.0284639 8.34649 0.884803 0.465963 0.000973074 15.9925 -0.0141238 0.0247318 0.999594 0.369206
0.467396 -0.883584 0.0286329 8.78508 0.88396 0.467562 -0.000993508 16.8347 -0.0125098 0.0257747 0.99959 0.353884
0.46879 -0.882904 0.0267686 9.22417 0.883273 0.468832 -0.00507891 17.6834 -0.00806579 0.0260249 0.999629 0.340329
0.470142 -0.882272 0.0237304 9.6682 0.882584 0.470077 -0.0085779 18.5342 -0.0035871 0.0249769 0.999682 0.329312
0.471192 -0.88173 0.0230352 10.1167 0.882026 0.471113 -0.00908674 19.3865 -0.00284015 0.0245993 0.999693 0.322993
0.471295 -0.881603 0.0256313 10.5688 0.881952 0.471296 -0.00638565 20.2459 -0.00645033 0.0256151 0.999651 0.322236
0.470433 -0.881949 0.0293213 11.028 0.88236 0.470567 -0.00256478 21.1149 -0.0115357 0.0270785 0.999567 0.321711
0.469591 -0.882103 0.0371231 11.4889 0.882787 0.469747 -0.00495589 21.9825 -0.0130668 0.0350991 0.999298 0.315803
0.468529 -0.882499 0.040947 11.9542 0.88339 0.468527 -0.0102189 22.8504 -0.0101666 0.0409601 0.999109 0.304155
0.467381 -0.883165 0.0396923 12.4186 0.884037 0.467194 -0.0144312 23.7212 -0.0057989 0.0418344 0.999108 0.293537
0.465819 -0.884106 0.0369952 12.8814 0.884874 0.465565 -0.0157407 24.5991 -0.0033072 0.0400684 0.999191 0.283738
0.464683 -0.884773 0.0352918 13.3476 0.885469 0.464477 -0.0143326 25.4838 -0.00371118 0.0379099 0.999274 0.283165
0.463531 -0.885402 0.0346749 13.8166 0.886057 0.463447 -0.0108984 26.3742 -0.00642054 0.0357757 0.999339 0.283792
0.462456 -0.886002 0.0337004 14.2827 0.886601 0.462466 -0.00795546 27.2655 -0.00853675 0.0335579 0.9994 0.28324
0.461569 -0.886424 0.0347286 14.7483 0.887038 0.461659 -0.00586393 28.1603 -0.0108348 0.0335122 0.99938 0.280708
0.460987 -0.886671 0.0361442 15.2138 0.887299 0.461183 -0.00320541 29.0561 -0.0138269 0.0335483 0.999341 0.278436
0.460555 -0.886928 0.0353183 15.6749 0.887463 0.460878 0.00114213 29.952 -0.0172904 0.0308177 0.999375 0.274935
0.46068 -0.886886 0.0347452 16.1341 0.887389 0.461017 0.0019384 30.8521 -0.0177373 0.0299395 0.999394 0.266716
0.460525 -0.886941 0.0353929 16.5913 0.88749 0.460827 0.000418598 31.7423 -0.0166813 0.0312181 0.999373 0.257831
0.46092 -0.886784 0.0341458 17.0477 0.887332 0.461127 -0.00202806 32.6366 -0.0139471 0.0312334 0.999415 0.244192
0.460612 -0.886991 0.032926 17.5027 0.887509 0.460783 -0.00265701 33.5263 -0.012815 0.030446 0.999454 0.23609
0.459465 -0.887529 0.0344107 17.9592 0.888092 0.459658 -0.00255689 34.4166 -0.0135478 0.0317346 0.999404 0.232185
0.458496 -0.887941 0.0366461 18.4132 0.888573 0.45873 -0.00223254 35.3074 -0.0148283 0.0335864 0.999326 0.226874
0.458065 -0.888166 0.0365678 18.8626 0.888807 0.458273 -0.00298169 36.1904 -0.0141098 0.0338675 0.999327 0.222653
0.457783 -0.888472 0.0324318 19.31 0.889015 0.457836 -0.00622746 37.0756 -0.00931549 0.0316832 0.999455 0.214533
0.457647 -0.888645 0.0294749 19.7562 0.889112 0.457618 -0.00812428 37.96 -0.00626866 0.0299246 0.999533 0.209579
0.457025 -0.88897 0.0293242 20.2022 0.889422 0.45704 -0.00656305 38.8375 -0.007568 0.0290811 0.999548 0.211919
0.456739 -0.888975 0.033366 20.6504 0.889519 0.456883 -0.00362407 39.7198 -0.0120227 0.031335 0.999437 0.216118
0.456405 -0.88906 0.0355787 21.0931 0.889666 0.456603 -0.00282564 40.5929 -0.0137332 0.0329428 0.999363 0.216856
0.456274 -0.889048 0.0375104 21.5326 0.889739 0.456449 -0.00425945 41.4583 -0.0133347 0.035318 0.999287 0.216167
0.456042 -0.889091 0.03928 21.9787 0.889875 0.456159 -0.0064559 42.3288 -0.012178 0.0378984 0.999207 0.216552
0.455232 -0.889465 0.0402023 22.4222 0.890291 0.455337 -0.00702623 43.1924 -0.012056 0.0389903 0.999167 0.215798
0.454267 -0.88983 0.0429305 22.8605 0.890743 0.454475 -0.00535452 44.0532 -0.0147462 0.0406725 0.999064 0.216428
0.453274 -0.890095 0.0476826 23.3023 0.891154 0.453696 -0.00217956 44.9157 -0.0196934 0.0434804 0.99886 0.219559
0.452802 -0.8903 0.0483403 23.7374 0.891309 0.453394 0.00144996 45.7755 -0.0232081 0.0424296 0.99883 0.217662
0.452171 -0.890683 0.0471616 24.1642 0.891663 0.452699 0.000578399 46.6301 -0.0218652 0.0417908 0.998887 0.209137
0.451138 -0.891396 0.0434507 24.5916 0.892312 0.451399 -0.0041583 47.4806 -0.0159069 0.0406476 0.999047 0.19473
0.45059 -0.891844 0.0397942 25.0091 0.892682 0.450583 -0.00965599 48.3167 -0.00931897 0.0398745 0.999161 0.182476
0.449772 -0.892448 0.0352379 25.4205 0.893111 0.449742 -0.00923457 49.15 -0.00760658 0.0356248 0.999336 0.177512
0.448987 -0.892962 0.0320832 25.8263 0.893489 0.44905 -0.00560534 49.9711 -0.00940159 0.0311827 0.999469 0.179977
0.447815 -0.893589 0.030999 26.228 0.89405 0.447962 -0.00243026 50.7799 -0.0117147 0.0288029 0.999516 0.187694
0.446846 -0.894098 0.0302687 26.6212 0.894529 0.447008 -0.00157283 51.5782 -0.0121241 0.027779 0.999541 0.18941
0.4458 -0.89467 0.0287727 27.0019 0.895046 0.445974 -0.00038572 52.3544 -0.0124868 0.0259248 0.999586 0.187378
0.444397 -0.895375 0.0285533 27.3789 0.895732 0.444594 0.000617522 53.125 -0.0132475 0.0253017 0.999592 0.187511
0.443095 -0.896053 0.027507 27.745 0.896369 0.443306 0.00177745 53.8757 -0.0137867 0.0238688 0.99962 0.186002
0.441914 -0.896649 0.0270705 28.1055 0.896942 0.44214 0.00273513 54.6175 -0.0144214 0.0230719 0.99963 0.184496
0.440781 -0.897253 0.0254602 28.455 0.897458 0.441057 0.00616571 55.3484 -0.0167616 0.0201318 0.999657 0.180491
0.439567 -0.89787 0.0247165 28.7954 0.897992 0.4399 0.00995193 56.0676 -0.0198083 0.0178207 0.999645 0.179143
0.438218 -0.898508 0.0254477 29.1283 0.898581 0.438618 0.0128789 56.7755 -0.0227337 0.0172231 0.999593 0.17319
0.436721 -0.899273 0.024133 29.4534 0.899344 0.437077 0.0119904 57.4694 -0.0213306 0.0164674 0.999637 0.163405
0.435682 -0.899856 0.0209973 29.7654 0.899979 0.435888 0.00629534 58.1452 -0.0148174 0.0161543 0.99976 0.153841
0.434794 -0.900353 0.0178387 30.0738 0.900496 0.434864 5.78442e-05 58.8078 -0.0078095 0.0160385 0.999841 0.142355
0.434137 -0.900732 0.0144132 30.3677 0.900832 0.434166 -0.00121468 59.4442 -0.00516361 0.0135112 0.999895 0.129158
0.43372 -0.900944 0.0136808 30.6508 0.901022 0.433772 0.000904068 60.0637 -0.00674885 0.0119346 0.999906 0.126141
0.432595 -0.901469 0.0146523 30.9294 0.901525 0.432701 0.00485 60.669 -0.0107122 0.0111113 0.999881 0.133086
0.431609 -0.901909 0.0165764 31.1963 0.902008 0.431709 0.00285495 61.2457 -0.00973109 0.0137198 0.999858 0.137511
0.431406 -0.901911 0.0211084 31.4539 0.902141 0.431424 -0.00393307 61.8 -0.00555941 0.0207395 0.999769 0.133732
0.432142 -0.901478 0.0242981 31.7126 0.901805 0.432002 -0.0110432 62.3444 -0.000541657 0.0266844 0.999644 0.127176
0.43454 -0.900328 0.0241854 31.9625 0.900651 0.434327 -0.0137287 62.8737 0.00185597 0.0277483 0.999613 0.128526
0.437936 -0.898753 0.021362 32.2007 0.899006 0.437836 -0.00937176 63.3899 -0.000930175 0.0233088 0.999728 0.128093
0.442143 -0.89665 0.0230025 32.4386 0.896934 0.442118 -0.00642169 63.8927 -0.00441184 0.0234711 0.999715 0.126391
0.446724 -0.894244 0.0276548 32.6779 0.894629 0.446792 -0.00403928 64.3719 -0.00874382 0.0265452 0.999609 0.127661
0.453256 -0.890731 0.0340253 32.9167 0.891281 0.453445 -0.00237063 64.8412 -0.013317 0.0314006 0.999418 0.131967
0.462059 -0.886155 0.0350716 33.146 0.88671 0.462325 -0.000597472 65.2965 -0.015685 0.0313744 0.999385 0.134473
0.474152 -0.879936 0.0298758 33.3715 0.880307 0.474403 0.00151373 65.7319 -0.0155052 0.0255822 0.999552 0.130957
0.489646 -0.871565 0.0249176 33.5988 0.871772 0.489891 0.00451866 66.1598 -0.0161452 0.0195099 0.999679 0.125057
0.508076 -0.860979 0.0239659 33.8328 0.861138 0.508336 0.00594783 66.5656 -0.0173037 0.017616 0.999695 0.113839
0.530099 -0.847476 0.0279222 34.0642 0.84773 0.530408 0.00456002 66.9582 -0.0186747 0.0212533 0.9996 0.106447
0.554562 -0.831561 0.0311029 34.3067 0.831872 0.554947 0.00473912 67.3345 -0.0212013 0.0232455 0.999505 0.102508
0.582771 -0.811967 0.0329653 34.5254 0.812269 0.583248 0.00642621 67.7067 -0.0244448 0.0230317 0.999436 0.0978568
0.613523 -0.788953 0.0337983 34.7526 0.789223 0.614059 0.00761051 68.0749 -0.0267585 0.0220052 0.9994 0.0902389
0.646161 -0.76245 0.0338315 34.996 0.76268 0.646723 0.00825647 68.4232 -0.0281748 0.0204676 0.999393 0.0831609
0.680791 -0.731712 0.033486 35.2456 0.731891 0.681364 0.00888098 68.7572 -0.0293145 0.018462 0.9994 0.0739068
0.716944 -0.696422 0.0314247 35.4976 0.696532 0.717468 0.00910768 69.075 -0.028889 0.0153586 0.999465 0.0662619
0.752886 -0.657502 0.0292174 35.7977 0.657567 0.753346 0.00866776 69.3665 -0.0277099 0.0126866 0.999536 0.0603915
0.789746 -0.612824 0.0273476 36.1037 0.612866 0.790148 0.00780987 69.6399 -0.0263948 0.0105926 0.999595 0.0521687
0.825703 -0.563489 0.026347 36.4272 0.563502 0.826079 0.00763122 69.8929 -0.0260648 0.00854547 0.999624 0.0400691
0.861701 -0.506854 0.0238605 36.7267 0.506836 0.862012 0.00724753 70.1543 -0.0242414 0.00584814 0.999689 0.0148103
0.892638 -0.450145 0.0237984 37.0664 0.450158 0.892934 0.00510518 70.3625 -0.0235485 0.00615596 0.999704 0.000194001
0.920584 -0.389836 0.0235139 37.3984 0.389865 0.920865 0.00354563 70.5488 -0.0230354 0.0059032 0.999717 -0.0108063
0.944065 -0.328844 0.024533 37.7428 0.328876 0.944369 0.00285234 70.708 -0.0241061 0.0053755 0.999695 -0.0182834
0.963514 -0.266432 0.0256035 38.0951 0.266411 0.96385 0.00428933 70.8579 -0.0258208 0.00268823 0.999663 -0.02869
0.978371 -0.205151 0.0265303 38.461 0.20508 0.97873 0.00539137 70.9729 -0.0270721 0.00016608 0.999633 -0.0420729
0.989187 -0.144277 0.0263101 38.8405 0.144212 0.989537 0.0043821 71.0627 -0.026667 -0.000540497 0.999644 -0.056131
0.996064 -0.0848816 0.0255294 39.2206 0.0849147 0.996388 -0.000212492 71.1284 -0.0254191 0.00237947 0.999674 -0.0677685
0.99933 -0.0273991 0.0242812 39.6002 0.0274454 0.999622 -0.001577 71.1786 -0.0242288 0.00224235 0.999704 -0.0756799
0.999341 0.0281197 0.0229321 39.9892 -0.0281708 0.999601 0.00190733 71.2138 -0.0228693 -0.00255209 0.999735 -0.0810958
0.996491 0.0809517 0.0212924 40.3796 -0.0810742 0.996696 0.00495395 71.2281 -0.020821 -0.00666283 0.999761 -0.0907609
0.991448 0.129132 0.0188897 40.7728 -0.129199 0.991616 0.00236952 71.2134 -0.0184253 -0.00478978 0.999819 -0.105878
0.984882 0.172314 0.0177826 41.1729 -0.172153 0.985017 -0.0102477 71.1794 -0.019282 0.00703142 0.999789 -0.117281
0.977554 0.209848 0.0187519 41.5742 -0.209468 0.977603 -0.0203643 71.1247 -0.0226053 0.0159793 0.999617 -0.12162
0.969708 0.243529 0.019001 41.9813 -0.243146 0.969775 -0.0203953 71.0637 -0.0233936 0.0151575 0.999611 -0.121834
0.961489 0.274311 0.0170858 42.3923 -0.274146 0.961621 -0.0113768 70.9894 -0.0195509 0.00625467 0.999789 -0.120154
0.95304 0.30244 0.0156577 42.8164 -0.302449 0.953164 -0.00183485 70.9007 -0.0154793 -0.00298696 0.999876 -0.115976
0.944727 0.327591 0.0132145 43.2395 -0.327622 0.944809 0.000209849 70.7915 -0.0124165 -0.00452762 0.999913 -0.113417
0.936599 0.350272 0.00961105 43.6688 -0.350252 0.936648 -0.00373474 70.6642 -0.0103103 0.00013166 0.999947 -0.111893
0.929081 0.369871 0.00190792 44.0987 -0.369841 0.929053 -0.00886616 70.5235 -0.00505189 0.00753176 0.999959 -0.118926
0.921799 0.387592 -0.00770146 44.533 -0.387657 0.921744 -0.0105063 70.3696 0.00302662 0.0126702 0.999915 -0.134064
0.914539 0.404348 -0.011059 44.9784 -0.404445 0.914522 -0.00861193 70.2101 0.00663152 0.0123487 0.999902 -0.141543
0.908152 0.418594 -0.00621328 45.4289 -0.41863 0.908133 -0.0065949 70.0316 0.00288189 0.00859024 0.999959 -0.129058
0.901971 0.431795 -0.00070296 45.8873 -0.43179 0.901951 -0.00648464 69.8379 -0.002166 0.00615249 0.999979 -0.112795
0.895847 0.444359 0.00166285 46.3502 -0.444333 0.895825 -0.00813967 69.6338 -0.00510656 0.00655305 0.999965 -0.101192
0.890199 0.45557 0.00163464 46.824 -0.455523 0.890148 -0.0116133 69.4133 -0.00674572 0.00959349 0.999931 -0.0959346
0.885176 0.465256 -0.000651999 47.3105 -0.465211 0.885069 -0.0152494 69.1797 -0.0065178 0.0138017 0.999884 -0.0930922
0.880973 0.473155 -0.00321556 47.8048 -0.47313 0.880802 -0.0183173 68.9294 -0.00583464 0.0176584 0.999827 -0.0896493
0.877814 0.478978 -0.00473344 48.3096 -0.478971 0.877604 -0.0199348 68.6679 -0.00539424 0.0197662 0.99979 -0.0897391
0.875324 0.483491 -0.00660389 48.8273 -0.483513 0.875067 -0.0217535 68.3909 -0.00473879 0.0222345 0.999742 -0.0906191
0.87254 0.488477 -0.00800656 49.3586 -0.488528 0.872272 -0.0219758 68.1044 -0.00375078 0.0230862 0.999726 -0.0928824
0.870057 0.492855 -0.00969349 49.9027 -0.492939 0.869731 -0.0240686 67.802 -0.00343159 0.0257193 0.999663 -0.094312
0.868432 0.49569 -0.0107938 50.457 -0.495796 0.868054 -0.0258437 67.4889 -0.00344087 0.027795 0.999608 -0.095369
0.866987 0.498188 -0.0119512 51.0227 -0.498317 0.866531 -0.0283614 67.1617 -0.00377324 0.0305444 0.999526 -0.0959582
0.865955 0.499981 -0.0119137 51.5956 -0.500102 0.86546 -0.0296212 66.8272 -0.0044992 0.0316087 0.99949 -0.0995821
0.86545 0.500809 -0.013654 52.1725 -0.500974 0.864842 -0.0327652 66.4832 -0.00460057 0.035197 0.99937 -0.101598
0.865768 0.500185 -0.0161273 52.7664 -0.500422 0.86497 -0.0374889 66.1244 -0.00480176 0.0405272 0.999167 -0.104846
0.866951 0.498063 -0.0181647 53.375 -0.498371 0.865991 -0.041054 65.7642 -0.00471702 0.0446446 0.998992 -0.11049
0.868776 0.494846 -0.0188724 53.9971 -0.495185 0.867763 -0.0421691 65.396 -0.00449048 0.0459808 0.998932 -0.117625
0.8712 0.490542 -0.0194505 54.6298 -0.490909 0.87014 -0.0431739 65.0255 -0.00425393 0.0471615 0.998878 -0.123335
0.87343 0.486578 -0.0190239 55.2819 -0.486923 0.872308 -0.0445448 64.6502 -0.00507984 0.0481699 0.998826 -0.128959
0.875616 0.48269 -0.0175321 55.9498 -0.482961 0.874452 -0.0456293 64.269 -0.00669379 0.048421 0.998805 -0.13348
0.877762 0.478866 -0.0148763 56.6352 -0.479023 0.876658 -0.0448061 63.8814 -0.00841471 0.0464552 0.998885 -0.140237
0.879804 0.475177 -0.0123008 57.3347 -0.475239 0.878808 -0.0429539 63.4927 -0.00960063 0.0436369 0.999001 -0.145025
0.881835 0.471415 -0.0115957 58.041 -0.471466 0.880911 -0.0414108 63.107 -0.00930688 0.0419845 0.999075 -0.154516
0.883639 0.467967 -0.0137281 58.7523 -0.468119 0.882741 -0.0404101 62.7163 -0.00679221 0.0421343 0.999089 -0.16182
0.884504 0.466238 -0.0165843 59.4764 -0.466529 0.883796 -0.0354337 62.3383 -0.00186337 0.0390783 0.999234 -0.172428
0.884564 0.466085 -0.0176405 60.2041 -0.466416 0.884062 -0.0298536 61.949 0.001681 0.0346352 0.999399 -0.176716
0.88446 0.466335 -0.0161942 60.9313 -0.466611 0.884077 -0.0261079 61.5741 0.00214193 0.0306478 0.999528 -0.178375
0.884456 0.466445 -0.012931 61.6589 -0.466624 0.884106 -0.0248843 61.1938 -0.000174786 0.028043 0.999607 -0.17182
0.884579 0.466258 -0.0111098 62.3785 -0.466387 0.884231 -0.0248672 60.819 -0.00177092 0.0271785 0.999629 -0.162838
0.884684 0.4661 -0.00920978 63.1003 -0.466181 0.884362 -0.024053 60.4404 -0.00306631 0.0255727 0.999668 -0.156444
0.884806 0.465895 -0.0077987 63.8231 -0.465947 0.884531 -0.0223206 60.0656 -0.00350084 0.0233832 0.99972 -0.150421
0.884919 0.465687 -0.00738099 64.5486 -0.465736 0.884688 -0.0204389 59.6956 -0.00298827 0.0215244 0.999764 -0.148975
0.88465 0.466207 -0.00680683 65.271 -0.466251 0.884478 -0.0175636 59.3218 -0.00216777 0.0187113 0.999823 -0.145805
0.883706 0.468002 -0.00609104 65.9981 -0.468037 0.883565 -0.0159299 58.956 -0.00207341 0.0169282 0.999855 -0.144777
0.882078 0.471083 -0.00442728 66.7203 -0.471093 0.881957 -0.0149123 58.5903 -0.00312025 0.0152395 0.999879 -0.140162
0.879901 0.475156 -0.00104296 67.4466 -0.475124 0.879811 -0.0137863 58.2209 -0.00563302 0.0126261 0.999904 -0.132947
0.877153 0.480209 0.00159771 68.1645 -0.480143 0.877079 -0.0139549 57.8476 -0.0081026 0.0114735 0.999901 -0.127425
0.873711 0.48644 0.00219242 68.8768 -0.486361 0.873636 -0.0146373 57.4816 -0.00903554 0.0117225 0.99989 -0.124044
0.869565 0.493816 0.00146801 69.5861 -0.493746 0.869485 -0.0145496 57.1068 -0.00846122 0.011927 0.999893 -0.124684
0.864378 0.502842 0.000836851 70.2915 -0.502779 0.864294 -0.0144779 56.7255 -0.00800338 0.0120936 0.999895 -0.126729
0.858988 0.511996 7.8463e-05 70.9858 -0.511937 0.85889 -0.0151412 56.3366 -0.00781966 0.012966 0.999885 -0.129008
0.853208 0.521569 0.00133371 71.6796 -0.521486 0.853113 -0.0158293 55.9401 -0.00939386 0.0128101 0.999874 -0.127552
0.847086 0.531453 0.001884 72.3628 -0.531348 0.84698 -0.0171626 55.5351 -0.0107168 0.0135371 0.999851 -0.127549
0.841037 0.540976 0.00150235 73.0373 -0.540861 0.840908 -0.0185141 55.1243 -0.011279 0.0147584 0.999827 -0.128076
0.834794 0.550562 0.000665985 73.7038 -0.550453 0.834652 -0.0189322 54.702 -0.0109792 0.0154379 0.999821 -0.128435
0.828873 0.559437 0.000273678 74.3578 -0.559346 0.828746 -0.0176761 54.2768 -0.0101155 0.0144981 0.999844 -0.127269
0.822808 0.56832 -0.000458413 75.0108 -0.568249 0.822692 -0.0164737 53.8458 -0.00898521 0.0138152 0.999864 -0.128913
0.817026 0.576598 -0.00158621 75.6526 -0.576542 0.8169 -0.0165633 53.4083 -0.00825461 0.0144472 0.999862 -0.129459
0.811563 0.584261 -0.00230909 76.2773 -0.584215 0.811435 -0.0163063 52.9718 -0.00765345 0.0145826 0.999864 -0.128499
0.805887 0.592064 -0.00260117 76.8975 -0.592018 0.805751 -0.0167237 52.5345 -0.00780561 0.0150174 0.999857 -0.12294
0.800579 0.599215 -0.00378443 77.5067 -0.599172 0.800405 -0.018556 52.092 -0.00808993 0.017123 0.999821 -0.120027
0.795999 0.605286 -0.00370776 78.1046 -0.605228 0.795799 -0.0200597 51.647 -0.00919123 0.0182115 0.999792 -0.118234
0.792353 0.610048 -0.00425273 78.6895 -0.609968 0.792089 -0.0231068 51.1984 -0.0107277 0.0209028 0.999724 -0.116582
0.790145 0.6129 -0.0049051 79.2576 -0.612787 0.789781 -0.0271842 50.7611 -0.0127872 0.0244852 0.999618 -0.115385
0.788326 0.615229 -0.00588002 79.8232 -0.615085 0.787843 -0.0312002 50.3217 -0.0145627 0.0282126 0.999496 -0.116886
0.787208 0.616656 -0.00622433 80.3766 -0.616492 0.786664 -0.0331232 49.8926 -0.0155292 0.0299121 0.999432 -0.118691
0.78672 0.61727 -0.00702907 80.9175 -0.617114 0.786131 -0.0341809 49.4641 -0.0155731 0.0312285 0.999391 -0.1218
0.786969 0.616932 -0.00864753 81.4434 -0.616822 0.786345 -0.0345144 49.0511 -0.0144931 0.0324957 0.999367 -0.127285
0.788692 0.614689 -0.0110564 81.9503 -0.614652 0.788011 -0.0352508 48.6462 -0.0129557 0.0345978 0.999317 -0.131234
0.791793 0.610634 -0.01378 82.4456 -0.610683 0.791032 -0.0365253 48.2502 -0.0114032 0.0373357 0.999238 -0.13395
0.796368 0.604627 -0.0149875 82.928 -0.604727 0.795592 -0.0365824 47.8726 -0.0101947 0.0381964 0.999218 -0.134829
0.802893 0.595907 -0.0160635 83.3902 -0.596056 0.802106 -0.036662 47.5206 -0.00896249 0.0390104 0.999199 -0.133736
0.810898 0.584945 -0.016829 83.8407 -0.585132 0.810091 -0.037059 47.1809 -0.00804448 0.0398983 0.999171 -0.130909
0.820532 0.571333 -0.017505 84.2844 -0.571567 0.819765 -0.0360037 46.8614 -0.00622014 0.0395475 0.999198 -0.127435
0.831711 0.554874 -0.019279 84.7117 -0.5552 0.830991 -0.0347519 46.5612 -0.00326221 0.0396072 0.99921 -0.1236
0.844856 0.534585 -0.0208992 85.1416 -0.534994 0.844246 -0.0321119 46.2751 0.000477487 0.0383108 0.999266 -0.119962
0.859519 0.510652 -0.0214982 85.5761 -0.511093 0.859015 -0.0296144 45.9982 0.0033446 0.0364418 0.99933 -0.113975
0.875498 0.482753 -0.0212575 86.018 -0.483197 0.875042 -0.0286638 45.7421 0.00476366 0.0353667 0.999363 -0.109333
0.892901 0.449876 -0.0184204 86.4699 -0.450241 0.892434 -0.0290821 45.5039 0.0033556 0.034261 0.999407 -0.102779
0.911013 0.412111 -0.0148086 86.9241 -0.412376 0.910506 -0.0304044 45.2854 0.00095336 0.0338056 0.999428 -0.0952086
0.928904 0.370188 -0.00993732 87.3902 -0.370314 0.928378 -0.0313321 45.0942 -0.00237315 0.0327844 0.99946 -0.0873514
0.945826 0.324638 -0.004899 87.8616 -0.324632 0.945347 -0.0305463 44.9329 -0.00528525 0.0304819 0.999521 -0.0816552
0.961579 0.274528 -0.0007128 88.3418 -0.274431 0.961167 -0.0290934 44.7951 -0.00730182 0.0281712 0.999576 -0.0767459
0.975451 0.220212 0.00114713 88.8225 -0.220094 0.975073 -0.0281369 44.6948 -0.00731463 0.0271937 0.999603 -0.077704
0.98695 0.161026 0.000190712 89.3033 -0.160944 0.986483 -0.0307889 44.6241 -0.00514595 0.0303564 0.999526 -0.0771126
0.99528 0.0969744 -0.00361203 89.7773 -0.097041 0.994713 -0.0336044 44.5845 0.000334169 0.0337963 0.999429 -0.0754714
0.999528 0.02949 -0.00862811 90.2521 -0.0297856 0.998893 -0.0364096 44.5673 0.00754483 0.0366494 0.9993 -0.0700717
0.999136 -0.0396085 -0.0125553 90.7205 0.0391307 0.998576 -0.0362539 44.5817 0.0139734 0.0357313 0.999264 -0.0626424
0.993844 -0.109797 -0.0147902 91.1921 0.109241 0.993424 -0.0342676 44.6269 0.0184554 0.032441 0.999303 -0.0575693
0.983661 -0.179285 -0.0163668 91.6476 0.178652 0.983315 -0.0342929 44.6975 0.0222419 0.0308086 0.999278 -0.0501116
0.968882 -0.247017 -0.0158186 92.087 0.246334 0.968513 -0.0360767 44.7985 0.0242321 0.0310574 0.999224 -0.0386572
0.949623 -0.313186 -0.0114586 92.5233 0.312591 0.94917 -0.0369148 44.9211 0.0224373 0.0314733 0.999253 -0.0202161
0.925969 -0.37757 -0.00475133 92.9559 0.377194 0.925484 -0.0346889 45.0759 0.0174947 0.0303286 0.999387 -0.00228411
0.899041 -0.43786 0.00186557 93.3652 0.437694 0.898564 -0.0317285 45.2655 0.0122163 0.0293418 0.999495 0.0128403
0.86948 -0.493908 0.00768913 93.7625 0.493916 0.869057 -0.028064 45.4719 0.00717876 0.0281989 0.999577 0.028229
0.838695 -0.544452 0.0127743 94.1474 0.544597 0.838363 -0.0237088 45.7002 0.00219881 0.0268413 0.999637 0.0465506
0.808448 -0.588383 0.014753 94.5263 0.588567 0.80823 -0.0187932 45.9474 -0.000866179 0.0238765 0.999715 0.0669189
0.781449 -0.623802 0.0144696 94.8752 0.623961 0.781349 -0.0128967 46.2269 -0.00326081 0.0191066 0.999812 0.0803753
0.757209 -0.653078 0.0111668 95.225 0.653169 0.757151 -0.0096274 46.525 -0.00216753 0.0145838 0.999891 0.084944
0.735324 -0.677665 0.00823022 95.5668 0.677715 0.735267 -0.00917383 46.8317 0.000165375 0.0123235 0.999924 0.0813395
0.718389 -0.695568 0.01014 95.8963 0.695641 0.718285 -0.0122926 47.1426 0.0012669 0.0158847 0.999873 0.0800275
0.706845 -0.70725 0.0129339 96.2233 0.707367 0.706689 -0.0149056 47.4705 0.00140171 0.0196849 0.999805 0.0853346
0.697477 -0.716496 0.0126301 96.5617 0.716605 0.697325 -0.0146656 47.8115 0.00170054 0.0192798 0.999813 0.0917514
0.69087 -0.722924 0.00889548 96.891 0.722977 0.690785 -0.0110244 48.1697 0.00182494 0.0140477 0.9999 0.0918689
0.686474 -0.727141 0.00444764 97.224 0.727152 0.686443 -0.00682631 48.5416 0.00191064 0.0079202 0.999967 0.0910282
0.683886 -0.729586 -0.00214544 97.5672 0.729574 0.683888 -0.00444515 48.9212 0.00471036 0.00147472 0.999988 0.0896679
0.683404 -0.730014 -0.00614689 97.917 0.73 0.683431 -0.00473716 49.3074 0.00765917 -0.00124983 0.99997 0.0930962
0.685019 -0.728498 -0.00634325 98.2815 0.728458 0.685048 -0.00765743 49.7 0.00992386 0.000624697 0.999951 0.0992176
0.688754 -0.724958 -0.00741025 98.6609 0.72484 0.688782 -0.0136566 50.1097 0.0150045 0.00403476 0.999879 0.10019
0.692592 -0.721276 -0.00882676 99.0457 0.721046 0.692611 -0.0195604 50.5174 0.020222 0.00718287 0.99977 0.103785
0.696612 -0.717358 -0.0113729 99.4421 0.717147 0.696692 -0.0179202 50.9441 0.0207786 0.00432739 0.999775 0.114412
0.701093 -0.71296 -0.0125524 99.8506 0.712869 0.701204 -0.0114093 51.3839 0.0169361 -0.000949284 0.999856 0.129992
0.705085 -0.709075 -0.00822445 100.27 0.709027 0.705133 -0.00823868 51.8239 0.0116412 -2.23887e-05 0.999932 0.152886
0.708357 -0.705851 -0.00199837 100.712 0.70583 0.708353 -0.00634604 52.2762 0.00589491 0.00308475 0.999978 0.171332
0.711099 -0.703078 0.00436538 101.158 0.703092 0.71109 -0.00359384 52.7268 -0.00057743 0.00562483 0.999984 0.189851
0.713643 -0.700479 0.00650205 101.617 0.700499 0.713652 -0.00134301 53.1892 -0.00369945 0.00551312 0.999978 0.198745
0.714755 -0.699326 0.00829848 102.09 0.699371 0.714742 -0.00495423 53.6556 -0.00246665 0.00934477 0.999953 0.204812
0.714432 -0.699685 0.00524175 102.574 0.6997 0.714378 -0.00920647 54.1259 0.00269704 0.0102451 0.999944 0.209382
0.713672 -0.70048 0.000631337 103.069 0.700404 0.713581 -0.0153693 54.6069 0.0103154 0.0114108 0.999882 0.21187
0.711952 -0.702211 -0.00489944 103.57 0.702056 0.711914 -0.0171988 55.1033 0.0155652 0.00880505 0.99984 0.214646
0.709753 -0.704428 -0.00560286 104.08 0.704298 0.709743 -0.0151373 55.6052 0.0146397 0.00679763 0.99987 0.222091
0.707948 -0.706265 -0.000206437 104.597 0.706226 0.707912 -0.0102673 56.1142 0.0073976 0.00712295 0.999947 0.237294
0.705944 -0.708256 0.00410114 105.121 0.708267 0.705939 -0.00265478 56.6342 -0.00101489 0.00477883 0.999988 0.253897
0.704254 -0.709941 0.00325257 105.645 0.709939 0.704261 0.00177928 57.1625 -0.00355384 0.00105606 0.999993 0.265961
0.702819 -0.711363 -0.00296627 106.18 0.711369 0.702809 0.00383383 57.7116 -0.000642526 -0.0048046 0.999988 0.268271
0.700566 -0.713538 -0.00837753 106.714 0.713571 0.700581 0.00152496 58.2595 0.00478103 -0.0070463 0.999964 0.269309
0.697484 -0.716498 -0.0121173 107.26 0.716545 0.697541 -0.000670245 58.8211 0.00893254 -0.0082151 0.999926 0.269584
0.6947 -0.719202 -0.0118014 107.808 0.719238 0.694761 -0.00159377 59.3857 0.00934542 -0.00738084 0.999929 0.278613
0.692168 -0.721686 -0.00850535 108.368 0.721705 0.6922 -0.00118275 59.9715 0.00674097 -0.00531969 0.999963 0.290942
0.690273 -0.723513 -0.00724728 108.928 0.72354 0.690279 0.00200143 60.5578 0.00355459 -0.00662523 0.999972 0.305268
0.689279 -0.724481 -0.00475743 109.493 0.724496 0.689267 0.00408957 61.1554 0.000316324 -0.0062656 0.99998 0.315945
0.688761 -0.724986 -0.00167728 110.067 0.724986 0.688752 0.00389293 61.7651 -0.00166709 -0.0038973 0.999991 0.323881
0.688482 -0.725253 0.000281353 110.639 0.725244 0.688475 0.00476726 62.3712 -0.00365118 -0.00307812 0.999989 0.331712
0.688495 -0.725238 -0.00224435 111.215 0.725232 0.688468 0.0070782 62.9897 -0.00358821 -0.00650099 0.999972 0.336358
0.688815 -0.724885 -0.00865353 111.787 0.724937 0.688753 0.00930924 63.608 -0.000787989 -0.0126856 0.999919 0.33749
0.689565 -0.724057 -0.0155561 112.363 0.724222 0.68945 0.0126927 64.2385 0.00153495 -0.0200186 0.999798 0.338251
0.691119 -0.722439 -0.0208871 112.941 0.72274 0.690889 0.017883 64.8688 0.00151133 -0.0274552 0.999622 0.340697
0.693508 -0.720083 -0.0229556 113.521 0.720448 0.693124 0.0231139 65.5059 -0.000732883 -0.032568 0.999469 0.346834
0.69561 -0.718036 -0.0234729 114.109 0.718418 0.695162 0.0250225 66.143 -0.00164956 -0.0342692 0.999411 0.353939
0.69699 -0.716624 -0.02559 114.693 0.71708 0.696557 0.0245682 66.7735 0.000218687 -0.0354739 0.999371 0.355987
0.698191 -0.715578 -0.0218523 115.292 0.715912 0.697882 0.0207514 67.4039 0.000401144 -0.0301328 0.999546 0.361619
0.698563 -0.715336 -0.0174659 115.886 0.715549 0.698354 0.0170655 68.0242 -1.01751e-05 -0.0244191 0.999702 0.372442
0.699238 -0.71474 -0.0145865 116.486 0.714889 0.699098 0.0139926 68.649 0.000196333 -0.0202119 0.999796 0.384751
0.700129 -0.713869 -0.0145085 117.075 0.714014 0.699936 0.0165131 69.2686 -0.00163318 -0.0219206 0.999758 0.394599
0.700946 -0.713071 -0.0143115 117.668 0.713186 0.700597 0.0230132 69.8891 -0.00638345 -0.0263378 0.999633 0.402359
0.701902 -0.712156 -0.0129179 118.259 0.712166 0.701365 0.0301225 70.5129 -0.0123918 -0.0303427 0.999463 0.409667
0.702482 -0.711537 -0.0153297 118.851 0.711625 0.701928 0.0297695 71.1314 -0.0104217 -0.0318216 0.999439 0.409426
0.702888 -0.711021 -0.0199376 119.443 0.711299 0.702671 0.0175327 71.7453 0.0015434 -0.0265051 0.999647 0.401321
0.702369 -0.711425 -0.0234802 120.032 0.711667 0.702511 0.00295791 72.341 0.0143907 -0.0187876 0.99972 0.39923
0.701631 -0.712224 -0.0212499 120.63 0.712425 0.701742 0.00290262 72.9502 0.0128447 -0.0171755 0.99977 0.407709
0.701328 -0.712786 -0.00873773 121.219 0.712822 0.701174 0.0154866 73.5508 -0.00491196 -0.0170896 0.999842 0.432741
0.700322 -0.713792 0.00704875 121.819 0.71335 0.700181 0.0296268 74.1596 -0.0260828 -0.0157201 0.999536 0.459168
0.699418 -0.714654 0.00918818 122.403 0.714097 0.69929 0.0325395 74.7621 -0.0296797 -0.0161975 0.999428 0.46136
0.698675 -0.715434 -0.00271279 122.979 0.715264 0.698416 0.0247545 75.3604 -0.0158156 -0.0192357 0.99969 0.440284
0.697422 -0.71654 -0.0131755 123.558 0.716657 0.697242 0.0159872 75.9625 -0.00226894 -0.0205922 0.999785 0.415827
0.696189 -0.717698 -0.0152033 124.135 0.717855 0.696102 0.0112772 76.5577 0.00248939 -0.0187648 0.999821 0.410751
0.694323 -0.719562 -0.0120901 124.719 0.719664 0.694228 0.0114768 77.1637 0.000135 -0.0166694 0.999861 0.420632
0.691838 -0.721967 -0.0111028 125.286 0.722052 0.691751 0.0109891 77.7554 -0.000253369 -0.0156195 0.999878 0.426365
0.688472 -0.725181 -0.0108971 125.86 0.725262 0.688414 0.00900149 78.359 0.000974002 -0.0141005 0.9999 0.428435
0.685524 -0.727936 -0.0129002 126.417 0.728048 0.685457 0.00977794 78.9541 0.00172481 -0.016095 0.999869 0.436707
0.683545 -0.729707 -0.0171383 126.974 0.729907 0.683401 0.0140985 79.565 0.00142459 -0.0221463 0.999754 0.44099
0.682127 -0.731 -0.0184651 127.526 0.731233 0.681912 0.0171499 80.1712 5.49556e-05 -0.0252007 0.999682 0.448102
0.681025 -0.732089 -0.0158397 128.081 0.732249 0.680738 0.0201585 80.7747 -0.00397509 -0.0253271 0.999671 0.454258
0.680118 -0.733001 -0.012248 128.633 0.733073 0.679844 0.0204136 81.3769 -0.00663652 -0.0228623 0.999717 0.460202
0.678545 -0.734474 -0.0111625 129.18 0.734545 0.678358 0.0165498 81.973 -0.00458322 -0.0194291 0.999801 0.461299
0.675757 -0.73706 -0.00974055 129.729 0.737124 0.675683 0.010077 82.5759 -0.000845872 -0.0139896 0.999902 0.463478
0.671356 -0.741086 -0.00854491 130.272 0.741132 0.671341 0.00497067 83.1677 0.00205286 -0.00966999 0.999951 0.463052
0.666199 -0.745744 -0.00659142 130.816 0.745774 0.66617 0.00623967 83.7731 -0.00026219 -0.00907257 0.999959 0.466572
0.661175 -0.750231 -0.00130635 131.346 0.750186 0.661115 0.0121791 84.3702 -0.00827352 -0.00903255 0.999925 0.473424
0.657526 -0.753409 0.00587384 131.883 0.753211 0.657501 0.0191252 84.978 -0.0182711 -0.00815106 0.9998 0.479719
0.65421 -0.756286 0.00634806 132.408 0.75592 0.654118 0.0267456 85.5798 -0.0243797 -0.0126986 0.999622 0.476048
0.65091 -0.759148 0.00340356 132.934 0.758819 0.650748 0.026825 86.1939 -0.022579 -0.014878 0.999634 0.460654
0.64613 -0.763226 -0.001505 133.453 0.7631 0.645984 0.0195533 86.8031 -0.0139514 -0.0137825 0.999808 0.441874
0.640735 -0.767751 -0.00412507 133.973 0.767748 0.640681 0.0095826 87.4183 -0.0047142 -0.00930692 0.999946 0.424054
0.635521 -0.772067 -0.00501115 134.487 0.772081 0.63549 0.00657815 88.0416 -0.00189424 -0.00804957 0.999966 0.414562
0.629746 -0.776765 -0.00751559 135 0.776783 0.629636 0.0129161 88.6779 -0.00530072 -0.0139719 0.999888 0.412016
0.623632 -0.781618 -0.0125219 135.503 0.781691 0.623397 0.0183114 89.3144 -0.00650639 -0.0212078 0.999754 0.407859
0.616082 -0.787458 -0.018768 136.008 0.787677 0.615818 0.0182666 89.9606 -0.00282652 -0.0260368 0.999657 0.399559
0.608609 -0.793154 -0.0223768 136.509 0.793469 0.608413 0.015518 90.6068 0.0013061 -0.0271997 0.999629 0.391687
0.601847 -0.798314 -0.0217899 137.01 0.798611 0.601646 0.0155568 91.2635 0.000690572 -0.0267644 0.999642 0.390463
0.595666 -0.802946 -0.0214386 137.498 0.803218 0.595284 0.0218674 91.9249 -0.0047963 -0.0302455 0.999531 0.393087
0.589319 -0.80764 -0.0205073 137.98 0.807811 0.588687 0.0298198 92.5936 -0.0120113 -0.0341394 0.999345 0.394633
0.582745 -0.812432 -0.019041 138.456 0.812484 0.581983 0.0341339 93.264 -0.0166499 -0.0353619 0.999236 0.390839
0.577357 -0.816295 -0.0179416 138.929 0.816263 0.576535 0.0363665 93.9389 -0.0193419 -0.0356415 0.999177 0.384423
0.573161 -0.819243 -0.0180582 139.396 0.819217 0.572348 0.0360804 94.6175 -0.0192231 -0.0354735 0.999186 0.371394
0.56968 -0.821578 -0.0217894 139.862 0.821732 0.568906 0.0332149 95.3055 -0.0148925 -0.0368269 0.999211 0.357197
0.566306 -0.823639 -0.0302615 140.322 0.824148 0.565502 0.0314269 95.9924 -0.00877153 -0.0427372 0.999048 0.341959
0.56377 -0.82514 -0.0361405 140.776 0.825924 0.563043 0.0288375 96.6822 -0.00344634 -0.0461071 0.998931 0.328482
0.561404 -0.826737 -0.0365043 141.228 0.827524 0.560552 0.031407 97.3712 -0.00550275 -0.0478402 0.99884 0.323712
0.559499 -0.828129 -0.034109 141.682 0.828716 0.558262 0.0396719 98.0716 -0.0138118 -0.050463 0.99863 0.322622
0.557628 -0.829525 -0.0306667 142.13 0.829755 0.555969 0.0490488 98.7678 -0.0236375 -0.0527968 0.998325 0.323672
0.553789 -0.832208 -0.0273438 142.573 0.832255 0.552204 0.0492144 99.4587 -0.0258572 -0.0500114 0.998414 0.315312
0.549368 -0.835279 -0.0224555 143.019 0.835379 0.548447 0.0367248 100.147 -0.0183598 -0.0389343 0.999073 0.300697
0.543752 -0.839031 -0.0189873 143.468 0.839188 0.543311 0.0240146 100.837 -0.00983298 -0.0289919 0.999531 0.283556
0.537854 -0.842756 -0.0218275 143.912 0.843004 0.537417 0.0229699 101.536 -0.0076275 -0.0307551 0.999498 0.270923
0.53173 -0.846694 -0.0192654 144.34 0.846816 0.531185 0.0273017 102.231 -0.0128827 -0.0308314 0.999442 0.268783
0.525077 -0.850986 -0.0108409 144.78 0.850861 0.524643 0.0280082 102.946 -0.018147 -0.0239306 0.999549 0.27147
0.519445 -0.854502 -0.00179808 145.214 0.854227 0.519221 0.0265747 103.65 -0.0217746 -0.0153401 0.999645 0.265413
0.514488 -0.857471 0.006775 145.647 0.85718 0.514496 0.0231436 104.366 -0.0233307 -0.00609971 0.999709 0.259125
0.509089 -0.860644 0.010948 146.075 0.860491 0.509206 0.0162981 105.08 -0.0196016 0.00112349 0.999807 0.252768
0.50336 -0.86397 0.0135772 146.496 0.864016 0.503449 0.00396874 105.794 -0.0102643 0.00973323 0.9999 0.243109
0.497429 -0.867342 0.0167734 146.937 0.867503 0.497376 -0.00753593 106.514 -0.00180646 0.0182996 0.999831 0.230588
0.491317 -0.870882 0.0131133 147.365 0.870969 0.491333 -0.00218006 107.224 -0.00454442 0.0124924 0.999912 0.225448
0.486056 -0.873881 0.00898015 147.778 0.873772 0.486138 0.0138777 107.952 -0.0164931 0.00110126 0.999863 0.224156
0.481822 -0.876241 0.00702447 148.188 0.87583 0.481819 0.0277745 108.681 -0.0277217 -0.00723012 0.99959 0.22911
0.478175 -0.878236 0.00716492 148.592 0.877755 0.478159 0.030166 109.419 -0.0299188 -0.00813557 0.999519 0.223485
0.476188 -0.879328 0.00520956 148.994 0.879083 0.476183 0.0214984 110.156 -0.0213849 -0.00565767 0.999755 0.206854
0.474391 -0.880295 -0.00589982 149.388 0.880258 0.474274 0.0144842 110.899 -0.00995222 -0.0120645 0.999878 0.18997
0.472797 -0.881065 -0.0137226 149.786 0.881163 0.472668 0.0116653 111.646 -0.0037916 -0.0176072 0.999838 0.178531
0.471211 -0.881966 -0.00984605 150.18 0.882005 0.471105 0.0112957 112.384 -0.00532394 -0.0140069 0.999888 0.179839
0.470544 -0.882365 -0.00447902 150.587 0.882287 0.470417 0.0166849 113.137 -0.0126152 -0.0118028 0.999851 0.184928
0.471026 -0.882117 -0.00182161 150.987 0.881893 0.470857 0.0236277 113.892 -0.0199847 -0.0127357 0.999719 0.18171
0.470464 -0.882418 -0.00113469 151.384 0.882129 0.470276 0.0262526 114.651 -0.0226322 -0.0133519 0.999655 0.176897
0.468931 -0.883232 -0.00223991 151.783 0.883075 0.468796 0.0202194 115.408 -0.0168084 -0.0114595 0.999793 0.168196
0.467302 -0.884095 0.0020274 152.186 0.884085 0.467306 0.00428763 116.16 -0.00473809 -0.000211217 0.999989 0.161105
0.465459 -0.885034 0.00792486 152.596 0.88506 0.465395 -0.00867464 116.916 0.00398916 0.0110517 0.999931 0.158337
0.46425 -0.885654 0.00943707 152.99 0.885699 0.464185 -0.00831115 117.662 0.00298026 0.0122168 0.999921 0.16902
0.46321 -0.886208 0.00846636 153.39 0.886227 0.463244 0.00256048 118.42 -0.00619111 0.00631708 0.999961 0.177761
0.46174 -0.886964 0.00951319 153.783 0.886909 0.461825 0.0105491 119.181 -0.0137501 0.00356637 0.999899 0.190134
0.460867 -0.887403 0.0108357 154.18 0.88736 0.460968 0.0100628 119.945 -0.0139247 0.00497754 0.999891 0.194169
0.460749 -0.88749 0.0084614 154.575 0.887498 0.460793 0.00417896 120.699 -0.00760774 0.00558402 0.999955 0.190709
0.461064 -0.887359 0.00367849 154.959 0.88736 0.461073 0.00212512 121.457 -0.00358179 0.00228433 0.999991 0.188461
0.460756 -0.887527 0.000466257 155.345 0.887513 0.460752 0.00536535 122.213 -0.00497672 -0.00205831 0.999986 0.191902
0.460484 -0.887667 -0.00146178 155.723 0.887628 0.460447 0.0102704 122.95 -0.00844358 -0.00602685 0.999946 0.194336
0.460006 -0.887913 -0.00239685 156.108 0.887841 0.459931 0.0141959 123.702 -0.0115024 -0.00865824 0.999896 0.197115
0.459696 -0.888074 -0.00198755 156.481 0.887986 0.459617 0.0152513 124.437 -0.0126308 -0.00877589 0.999882 0.200141
0.459222 -0.88832 -0.0017165 156.857 0.888259 0.459166 0.0127326 125.181 -0.0105225 -0.00737181 0.999917 0.201276
0.458434 -0.888721 -0.00364933 157.224 0.888716 0.458402 0.00725926 125.909 -0.00477859 -0.00657111 0.999967 0.207924
0.4575 -0.88919 -0.00596193 157.591 0.889208 0.457476 0.0049587 126.641 -0.00168179 -0.00757 0.99997 0.210362
0.455845 -0.890043 -0.00538606 157.955 0.890033 0.455778 0.0103491 127.363 -0.00675626 -0.00951134 0.999932 0.208085
0.454629 -0.89068 -0.00156568 158.315 0.890557 0.454535 0.0174948 128.077 -0.0148706 -0.00934798 0.999846 0.220905
0.453733 -0.891122 0.00534401 158.666 0.890912 0.453744 0.0198207 128.772 -0.0200875 -0.00423226 0.999789 0.246081
