0.517124 -0.855199 0.034885 -3.06413 0.855864 0.51709 -0.0106914 -4.81789 -0.00889543 0.0353856 0.999334 0.331509
0.514136 -0.856477 0.0459577 -2.69637 0.857531 0.514381 -0.00723577 -4.21452 -0.0174425 0.0431304 0.998917 0.33452
0.511169 -0.857879 0.0524375 -2.32669 0.859201 0.511605 -0.00575183 -3.58688 -0.0218929 0.0479945 0.998608 0.362418
0.507755 -0.859738 0.0550938 -1.95809 0.861172 0.508289 -0.00489153 -2.94495 -0.0237982 0.049929 0.998469 0.412315
0.504351 -0.861686 0.0559263 -1.58342 0.863167 0.504893 -0.00501278 -2.28862 -0.0239174 0.050802 0.998422 0.482263
0.50066 -0.863936 0.0543542 -1.20364 0.865347 0.501146 -0.00526147 -1.61677 -0.0226938 0.0496694 0.998508 0.566462
0.496951 -0.86627 0.0511436 -0.821705 0.867526 0.497364 -0.00521094 -0.933654 -0.0209229 0.046958 0.998678 0.661693
0.492996 -0.868713 0.0478875 -0.435436 0.869819 0.493345 -0.00504232 -0.240016 -0.0192448 0.0441393 0.99884 0.764484
0.489084 -0.871068 0.0451295 -0.0457686 0.872047 0.489402 -0.00446773 0.465151 -0.0181947 0.0415401 0.998971 0.87093
0.485542 -0.873117 0.0437637 0.350656 0.874035 0.485846 -0.00410888 1.1848 -0.0176749 0.040246 0.999033 0.974628
0.482425 -0.874938 0.0418212 0.748263 0.875785 0.48268 -0.00444054 1.90824 -0.0163011 0.0387686 0.999115 1.07426
0.47989 -0.876452 0.039213 1.14847 0.877213 0.480074 -0.00521112 2.64445 -0.0142578 0.0368989 0.999217 1.16466
0.477688 -0.877745 0.0371047 1.55242 0.878446 0.477799 -0.00639605 3.38487 -0.0121145 0.0356498 0.999291 1.24251
0.47577 -0.878882 0.0347615 1.95463 0.879512 0.475819 -0.00738628 4.12652 -0.0100485 0.0340873 0.999368 1.30496
0.474234 -0.879766 0.0333815 2.36004 0.880361 0.474224 -0.00870649 4.87876 -0.00817063 0.0335167 0.999405 1.3476
0.472746 -0.880645 0.0312427 2.76855 0.881181 0.472664 -0.0104248 5.64283 -0.00558676 0.0324588 0.999457 1.371
0.471476 -0.881447 0.0275837 3.17611 0.881877 0.471315 -0.012474 6.41133 -0.00200544 0.0302066 0.999542 1.37671
0.470236 -0.882221 0.0237408 3.58601 0.88254 0.470055 -0.0130685 7.19339 0.000369829 0.0270975 0.999633 1.36664
0.468865 -0.883012 0.0213436 3.99393 0.883269 0.468691 -0.0128358 7.97911 0.00133067 0.0248704 0.99969 1.34645
0.467862 -0.883528 0.0219974 4.40673 0.883801 0.467711 -0.011875 8.77141 0.000203512 0.0249972 0.999687 1.31731
0.466626 -0.884159 0.0228884 4.82338 0.884454 0.466501 -0.010857 9.56602 -0.00107811 0.0253099 0.999679 1.28021
0.465641 -0.884665 0.0233797 5.24453 0.884971 0.465534 -0.0101896 10.3713 -0.00186965 0.0254351 0.999675 1.23822
0.464395 -0.885312 0.0236416 5.66686 0.885627 0.464268 -0.0109603 11.1809 -0.00127274 0.0260276 0.99966 1.18952
0.463388 -0.885841 0.0236094 6.09054 0.886155 0.463232 -0.0120505 11.9895 -0.000261792 0.0265056 0.999649 1.1375
0.4629 -0.886087 0.0239412 6.51608 0.88641 0.462755 -0.0115926 12.8012 -0.000806839 0.026588 0.999646 1.08319
0.462893 -0.886101 0.0235793 6.94018 0.886407 0.462832 -0.00831325 13.6187 -0.00354685 0.024749 0.999687 1.03293
0.463544 -0.885737 0.0244391 7.36597 0.88604 0.46359 -0.00409699 14.4423 -0.00770086 0.0235531 0.999693 0.979764
0.464705 -0.885084 0.025983 7.79613 0.885395 0.464838 -0.00104803 15.2679 -0.0111503 0.0234923 0.999662 0.922006
0.466286 -0.884198 0.0277815 8.22911 0.884544 0.466457 -0.000395138 16.0975 -0.0126095 0.0247582 0.999614 0.865006
0.467875 -0.883329 0.0286971 8.66655 0.883723 0.468003 -0.00249296 16.9319 -0.0112282 0.0265267 0.999585 0.805364
0.469156 -0.882699 0.0271138 9.10498 0.883089 0.46916 -0.00660396 17.7701 -0.00689138 0.0270421 0.999611 0.749024
0.470412 -0.88213 0.0236594 9.5475 0.882444 0.470315 -0.00982236 18.6092 -0.00246278 0.0254986 0.999672 0.697417
0.471416 -0.881618 0.0227429 9.99621 0.881909 0.471308 -0.0102231 19.4528 -0.00170604 0.0248765 0.999689 0.652965
0.471624 -0.881444 0.0250357 10.4483 0.881785 0.471589 -0.00764247 20.3043 -0.00507013 0.0256804 0.999657 0.616415
0.470835 -0.881749 0.0288744 10.9081 0.882167 0.470918 -0.00427492 21.1646 -0.00982805 0.0274848 0.999574 0.582954
0.469877 -0.881974 0.0365611 11.3703 0.882658 0.46997 -0.00656675 22.0239 -0.0113909 0.0353565 0.99931 0.546753
0.468779 -0.882389 0.0404458 11.8356 0.88327 0.46873 -0.0112551 22.885 -0.00902675 0.0410007 0.999118 0.507358
0.467547 -0.883104 0.0390813 12.3005 0.883955 0.467321 -0.0152938 23.7499 -0.00475755 0.0416967 0.999119 0.47054
0.466012 -0.88404 0.036137 12.7628 0.884776 0.465711 -0.0168534 24.622 -0.00193028 0.0398271 0.999205 0.436557
0.464866 -0.884706 0.0345713 13.226 0.885378 0.464613 -0.0155125 25.5022 -0.00233828 0.0378199 0.999282 0.413516
0.463902 -0.885215 0.0344861 13.6896 0.885871 0.463775 -0.0120761 26.3892 -0.00530382 0.0361523 0.999332 0.390555
0.462832 -0.885798 0.0338729 14.1512 0.886411 0.462815 -0.00883178 27.2807 -0.00785371 0.034113 0.999387 0.368183
0.461939 -0.88622 0.0350084 14.6113 0.886856 0.461991 -0.00708039 28.1765 -0.00989881 0.0343182 0.999362 0.345397
0.461388 -0.88647 0.0359442 15.07 0.887097 0.461569 -0.00359503 29.073 -0.0134038 0.0335447 0.999347 0.323094
0.461045 -0.886657 0.0357443 15.5241 0.887224 0.461339 -2.2654e-05 29.9705 -0.0164702 0.0317237 0.999361 0.301512
0.460885 -0.886768 0.0350324 15.9771 0.887294 0.461203 0.00111703 30.8703 -0.0171476 0.0305692 0.999386 0.277238
0.460764 -0.886844 0.034719 16.4287 0.887377 0.461045 9.67838e-05 31.7641 -0.0160928 0.0307642 0.999397 0.253551
0.461 -0.886766 0.0335464 16.8806 0.887295 0.461198 -0.00205983 32.6575 -0.0136449 0.0307152 0.999435 0.227142
0.460668 -0.886986 0.0322631 17.3323 0.887489 0.460819 -0.00303056 33.547 -0.0121794 0.0300292 0.999475 0.205913
0.459642 -0.887477 0.0333673 17.7855 0.888014 0.459807 -0.00302078 34.4372 -0.0126616 0.0310191 0.999439 0.191788
0.458648 -0.887921 0.0351966 18.2376 0.88851 0.45885 -0.00258067 35.3255 -0.0138585 0.0324561 0.999377 0.17903
0.458158 -0.888192 0.034727 18.687 0.888775 0.458332 -0.00323716 36.2073 -0.0130413 0.0323476 0.999392 0.166467
0.457901 -0.888447 0.0314452 19.1358 0.888957 0.457952 -0.00596835 37.0901 -0.00909782 0.0306863 0.999488 0.153169
0.457589 -0.888692 0.02898 19.581 0.88914 0.457571 -0.00762807 37.9695 -0.00648139 0.0292578 0.999551 0.14362
0.457137 -0.888916 0.0292141 20.0268 0.889361 0.457165 -0.00610675 38.8438 -0.0079273 0.0287735 0.999555 0.143117
0.456913 -0.888915 0.0325673 20.476 0.889434 0.45705 -0.00353193 39.7239 -0.0117453 0.0305802 0.999463 0.146085
0.456652 -0.888949 0.035184 20.9202 0.889545 0.456836 -0.00307589 40.5973 -0.013339 0.0327023 0.999376 0.147768
0.456418 -0.889001 0.0368666 21.362 0.889668 0.456589 -0.0041447 41.4634 -0.0131482 0.0346907 0.999312 0.149505
0.456157 -0.889076 0.0382828 21.8097 0.889818 0.456276 -0.00608049 42.335 -0.0120615 0.0368384 0.999248 0.153271
0.455432 -0.889395 0.039463 22.2525 0.890195 0.455522 -0.00722651 43.1981 -0.011549 0.0384209 0.999195 0.154302
0.454465 -0.889762 0.0422595 22.6927 0.890656 0.454639 -0.00595123 44.06 -0.0139176 0.0403433 0.999089 0.159536
0.453572 -0.890043 0.0457685 23.1363 0.891023 0.453952 -0.0023134 44.9219 -0.0187177 0.0418301 0.998949 0.167015
0.453166 -0.89018 0.0471099 23.5725 0.891149 0.45371 0.000964028 45.7813 -0.0222324 0.0415451 0.998889 0.167961
0.452346 -0.890649 0.0461162 23.9988 0.891578 0.452867 0.000950433 46.6353 -0.021731 0.0406863 0.998936 0.15873
0.451127 -0.891417 0.0431298 24.4219 0.892305 0.451422 -0.00319496 47.4839 -0.0166217 0.0399262 0.999064 0.14483
0.45046 -0.891942 0.0390654 24.836 0.89274 0.450491 -0.00849158 48.3225 -0.0100246 0.0387004 0.999201 0.133901
0.449698 -0.89248 0.0353679 25.2436 0.893148 0.44967 -0.00918412 49.1567 -0.00770725 0.0357188 0.999332 0.129956
0.448851 -0.893007 0.0327125 25.6449 0.893558 0.448907 -0.00605411 49.9795 -0.00927848 0.0319479 0.999446 0.13224
0.447781 -0.893601 0.0311289 26.0424 0.894067 0.447926 -0.00255876 50.7897 -0.0116569 0.0289771 0.999512 0.140199
0.44688 -0.894081 0.0302716 26.4309 0.89451 0.447045 -0.00148267 51.5867 -0.0122071 0.0277409 0.999541 0.144089
0.445776 -0.89467 0.0291376 26.8128 0.895059 0.445948 -0.000675349 52.3679 -0.0123896 0.0263809 0.999575 0.147057
0.444419 -0.895358 0.0287214 27.1896 0.895728 0.444603 2.15229e-05 53.1411 -0.0127889 0.025717 0.999587 0.150438
0.443083 -0.896052 0.0277209 27.5583 0.896382 0.443281 0.00115417 53.8947 -0.0133223 0.0243371 0.999615 0.152487
0.441902 -0.896634 0.0277369 27.9215 0.896953 0.442122 0.00203725 54.6413 -0.0140898 0.0239784 0.999613 0.152932
0.440735 -0.897244 0.0265756 28.2737 0.897492 0.441003 0.00493561 55.3737 -0.0161484 0.0216761 0.999635 0.151677
0.439534 -0.897855 0.0258141 28.6178 0.898021 0.439866 0.00872777 56.096 -0.019191 0.0193455 0.999629 0.151964
0.438172 -0.898514 0.0260501 28.954 0.89862 0.438567 0.0118588 56.8051 -0.02208 0.018213 0.99959 0.148275
0.436749 -0.899259 0.0241667 29.2814 0.899345 0.437094 0.0112823 57.496 -0.0207088 0.0168067 0.999644 0.139599
0.435621 -0.899876 0.0213801 29.5963 0.900014 0.435823 0.00570429 58.1666 -0.0144511 0.0167575 0.999755 0.129786
0.434648 -0.900426 0.0177183 29.9066 0.900566 0.434719 0.000163052 58.8256 -0.00784928 0.0158856 0.999843 0.119173
0.433978 -0.9008 0.0149493 30.2049 0.900908 0.434008 -0.00135337 59.4618 -0.005269 0.0140553 0.999887 0.109301
0.433547 -0.901017 0.0143166 30.4925 0.901107 0.433597 0.000409882 60.0811 -0.00657695 0.0127231 0.999897 0.107714
0.432558 -0.90148 0.0150704 30.7735 0.901553 0.432654 0.00359938 60.6829 -0.00976503 0.0120298 0.99988 0.112581
0.431615 -0.901896 0.0170687 31.0463 0.90201 0.43171 0.00212535 61.2597 -0.00928556 0.0144788 0.999852 0.116267
0.431311 -0.901953 0.0212664 31.3097 0.902185 0.431332 -0.00385278 61.8129 -0.00569783 0.020848 0.999766 0.111799
0.432074 -0.901504 0.0245592 31.5706 0.901838 0.431939 -0.0108504 62.3557 -0.000826329 0.0268366 0.99964 0.104266
0.434354 -0.900419 0.0241335 31.8237 0.900741 0.434145 -0.0136041 62.8845 0.00177195 0.027647 0.999616 0.105011
0.437833 -0.898798 0.021528 32.065 0.899056 0.437705 -0.0106012 63.4014 0.000105468 0.0239965 0.999712 0.105971
0.441995 -0.89673 0.022709 32.3056 0.89701 0.441952 -0.00715414 63.9037 -0.00362094 0.0235323 0.999717 0.103829
0.44673 -0.894264 0.0269012 32.5456 0.894632 0.446782 -0.00439793 64.3869 -0.00808604 0.0260313 0.999628 0.105388
0.453331 -0.890741 0.03272 32.7832 0.891255 0.453495 -0.00266915 64.8566 -0.0124608 0.0303719 0.999461 0.108725
0.462188 -0.886128 0.0340388 33.0144 0.886661 0.462419 -0.00120405 65.3146 -0.0146732 0.0307373 0.99942 0.111747
0.474249 -0.879907 0.0291769 33.2431 0.880268 0.474475 0.000946217 65.7509 -0.0146763 0.0252348 0.999574 0.109443
0.489681 -0.871557 0.0245058 33.4723 0.871772 0.4899 0.00349071 66.1801 -0.0150477 0.0196541 0.999694 0.103821
0.508225 -0.860906 0.0234202 33.707 0.861071 0.50846 0.00504819 66.5866 -0.0162542 0.0176009 0.999713 0.0944431
0.529734 -0.84775 0.026498 33.9474 0.84798 0.530011 0.0042475 66.9799 -0.0176451 0.0202198 0.99964 0.0872177
0.554031 -0.831965 0.0297292 34.1953 0.832258 0.554374 0.00413412 67.3566 -0.0199205 0.0224519 0.999549 0.0833435
0.580833 -0.81341 0.0315798 34.4483 0.813705 0.581253 0.00539192 67.7225 -0.0227417 0.0225648 0.999487 0.078565
0.610135 -0.791628 0.0325602 34.7123 0.791898 0.610617 0.00666906 68.0762 -0.0251612 0.0217154 0.999448 0.0722024
0.644128 -0.764211 0.0328849 34.9492 0.764453 0.64464 0.00713432 68.4224 -0.026651 0.0205436 0.999434 0.0668627
0.679734 -0.732729 0.0327054 35.1898 0.732933 0.680259 0.0075255 68.7549 -0.0277623 0.0188556 0.999437 0.0590206
0.716493 -0.696917 0.0307175 35.4331 0.69706 0.716973 0.00754964 69.0716 -0.0272851 0.0160027 0.9995 0.0520521
0.752424 -0.658072 0.0282832 35.7256 0.658166 0.752839 0.00713687 69.3628 -0.0259893 0.0132451 0.999574 0.0469681
0.788977 -0.613854 0.0264365 36.0302 0.613925 0.789339 0.00628848 69.6353 -0.0247275 0.0112686 0.999631 0.0398144
0.82482 -0.564834 0.0251928 36.3478 0.56488 0.825152 0.00594176 69.886 -0.024144 0.00933003 0.999665 0.0293082
0.859092 -0.511251 0.0241371 36.6736 0.511277 0.859398 0.00555937 70.1121 -0.0235856 0.00756472 0.999693 0.0150235
0.890771 -0.453848 0.0234348 37.009 0.453888 0.89105 0.00390025 70.3154 -0.0226517 0.00716254 0.999718 0.00286563
0.91866 -0.394384 0.0228939 37.3495 0.394435 0.918921 0.0024371 70.4958 -0.0219988 0.00679128 0.999735 -0.00516726
0.942443 -0.333562 0.023203 37.6968 0.333602 0.942711 0.00223451 70.6502 -0.022619 0.00563466 0.999728 -0.0110402
0.962046 -0.27178 0.0245613 38.0506 0.271778 0.962354 0.00347587 70.7813 -0.0245813 0.00333128 0.999692 -0.0180539
0.977417 -0.20975 0.0257156 38.4104 0.209707 0.977754 0.00440302 70.8915 -0.0260671 0.00108915 0.99966 -0.02845
0.988611 -0.148288 0.0256827 38.7767 0.148261 0.988944 0.00293815 70.9751 -0.0258345 0.000903069 0.999666 -0.0390213
0.995786 -0.0882501 0.024954 39.1461 0.0883152 0.996091 -0.00151608 71.0389 -0.0247227 0.0037135 0.999687 -0.0489227
0.999261 -0.030416 0.0235155 39.5137 0.0305052 0.999529 -0.00344089 71.0787 -0.0233998 0.00415569 0.999718 -0.0570138
0.999413 0.0262259 0.0220438 39.8985 -0.0262429 0.999655 0.0004822 71.1319 -0.0220235 -0.00106041 0.999757 -0.0621335
0.996604 0.079727 0.0206053 40.2829 -0.0798197 0.996802 0.00371542 71.1613 -0.0202432 -0.00534751 0.999781 -0.0702867
0.991599 0.128022 0.0184689 40.6689 -0.128038 0.991769 -0.000278769 71.1573 -0.0183526 -0.0020883 0.999829 -0.083485
0.985072 0.171217 0.0178076 41.0642 -0.171023 0.985195 -0.0119375 71.1315 -0.0195879 0.00871378 0.99977 -0.0939741
0.977741 0.208991 0.018587 41.4634 -0.208599 0.977776 -0.0210037 71.0855 -0.0225635 0.016659 0.999607 -0.100222
0.969846 0.243036 0.0182435 41.8702 -0.242655 0.969889 -0.0208153 71.0365 -0.0227531 0.0157608 0.999617 -0.10146
0.961632 0.273851 0.0164198 42.281 -0.273679 0.961746 -0.011989 70.9738 -0.0190749 0.00703528 0.999793 -0.098601
0.953176 0.302032 0.0152335 42.7049 -0.302028 0.953296 -0.00262549 70.8961 -0.015315 -0.00209837 0.99988 -0.0956437
0.944871 0.327185 0.0130103 43.1278 -0.327207 0.944953 -0.00042968 70.8002 -0.0124347 -0.00385108 0.999915 -0.0933046
0.936815 0.349701 0.00930397 43.5591 -0.349675 0.936861 -0.00439456 70.6846 -0.0102533 0.000863523 0.999947 -0.0928675
0.929312 0.369292 0.00141394 43.9949 -0.369264 0.929279 -0.0092132 70.5575 -0.0047163 0.00803982 0.999957 -0.101114
0.922008 0.3871 -0.00742462 44.4347 -0.387162 0.921947 -0.0108898 70.417 0.00262966 0.012915 0.999913 -0.114136
0.91474 0.403906 -0.0104924 44.8868 -0.403995 0.914723 -0.00839075 70.2681 0.00620854 0.0119142 0.99991 -0.120472
0.908285 0.418308 -0.00600524 45.345 -0.418341 0.908272 -0.00581199 70.0978 0.00302318 0.00779117 0.999965 -0.111606
0.902064 0.431603 -0.000301114 45.8118 -0.431598 0.902049 -0.0054409 69.91 -0.00207669 0.005038 0.999985 -0.0967355
0.895931 0.44419 0.00195977 46.2846 -0.444166 0.895914 -0.00736464 69.716 -0.00502708 0.00572774 0.999971 -0.0849958
0.890201 0.455565 0.00150138 46.7679 -0.455521 0.890152 -0.011376 69.5038 -0.00651899 0.00944306 0.999934 -0.0795499
0.885083 0.465432 -0.000890152 47.2668 -0.465391 0.884977 -0.015082 69.2789 -0.00623189 0.0137631 0.999886 -0.0770969
0.881051 0.47301 -0.00343268 47.768 -0.472989 0.88088 -0.0182171 69.0297 -0.00559309 0.0176738 0.999828 -0.0729837
0.877919 0.478781 -0.00511497 48.2799 -0.478782 0.877708 -0.0198981 68.7744 -0.00503739 0.0199179 0.999789 -0.074276
0.875558 0.483058 -0.00725975 48.8035 -0.483093 0.875285 -0.0223033 68.4978 -0.00441946 0.023035 0.999725 -0.0768985
0.872757 0.488086 -0.00822536 49.3394 -0.488142 0.872486 -0.0220464 68.2195 -0.00358403 0.0232563 0.999723 -0.0802984
0.870304 0.49241 -0.0101776 49.8883 -0.492505 0.869968 -0.0243824 67.9262 -0.003152 0.0262326 0.999651 -0.0835057
0.868581 0.495417 -0.0113656 50.4491 -0.495536 0.86818 -0.0266043 67.6201 -0.00331284 0.02874 0.999581 -0.0875125
0.866974 0.498195 -0.0125386 51.0199 -0.498339 0.866486 -0.0293223 67.3037 -0.00374371 0.0316702 0.999491 -0.0893606
0.865838 0.500162 -0.0127757 51.5995 -0.500307 0.865306 -0.0306444 66.9748 -0.00427228 0.0329248 0.999449 -0.095241
0.865347 0.500974 -0.01411 52.1814 -0.501152 0.864712 -0.0334654 66.6334 -0.00456427 0.0360305 0.99934 -0.099579
0.865532 0.500572 -0.0168159 52.7825 -0.500832 0.864684 -0.0385788 66.2808 -0.00477101 0.0418131 0.999114 -0.105503
0.866664 0.498528 -0.0190718 53.4004 -0.498871 0.865639 -0.0423848 65.9238 -0.00462074 0.0462477 0.998919 -0.113918
0.86847 0.495328 -0.0202293 54.0293 -0.495723 0.867366 -0.0439858 65.5582 -0.00424119 0.0482285 0.998827 -0.123445
0.870742 0.491292 -0.0209942 54.6745 -0.491725 0.86959 -0.0449366 65.1885 -0.00382062 0.0494515 0.998769 -0.130627
0.87306 0.487174 -0.0206639 55.3353 -0.487592 0.871851 -0.0461514 64.8125 -0.00446789 0.0503685 0.998721 -0.136746
0.875232 0.483333 -0.0189496 56.0113 -0.483666 0.873995 -0.0468996 64.432 -0.00610624 0.0502133 0.99872 -0.141739
0.87734 0.479585 -0.0165126 56.7048 -0.479806 0.876146 -0.0464196 64.0485 -0.00779471 0.0486486 0.998786 -0.149346
0.879405 0.475875 -0.0137892 57.4111 -0.475985 0.878308 -0.0448784 63.6645 -0.00924536 0.0460297 0.998897 -0.15563
0.881565 0.471883 -0.0130222 58.1222 -0.471977 0.880544 -0.0433681 63.2815 -0.00899808 0.044378 0.998974 -0.165746
0.8833 0.468568 -0.0150458 58.8365 -0.468765 0.882321 -0.0420526 62.8947 -0.00642923 0.044198 0.999002 -0.17385
0.88424 0.466708 -0.0173979 59.566 -0.467029 0.883475 -0.0368298 62.5123 -0.00181815 0.0406918 0.99917 -0.184376
0.884502 0.466154 -0.0188827 60.3022 -0.466531 0.883962 -0.0309848 62.1269 0.0022479 0.0362155 0.999341 -0.19019
0.884319 0.466554 -0.0175302 61.0294 -0.466875 0.883903 -0.0272766 61.7512 0.00276898 0.0323056 0.999474 -0.190265
0.884272 0.466742 -0.0146807 61.7593 -0.466972 0.883898 -0.0257171 61.3697 0.000973013 0.0295963 0.999561 -0.184016
0.884287 0.466775 -0.0125496 62.4794 -0.466943 0.883922 -0.0254085 60.9937 -0.000767173 0.0283284 0.999598 -0.1737
0.884434 0.466533 -0.0111353 63.2007 -0.466662 0.884075 -0.025253 60.612 -0.00193688 0.027531 0.999619 -0.164663
0.884539 0.466364 -0.00976611 63.9232 -0.466459 0.88422 -0.0238888 60.2336 -0.0025055 0.0256861 0.999667 -0.156112
0.884651 0.466167 -0.00898804 64.6498 -0.466249 0.884387 -0.0217172 59.8554 -0.00217493 0.0234028 0.999724 -0.151163
0.884402 0.466652 -0.00831263 65.3739 -0.466724 0.884205 -0.0187026 59.476 -0.00137755 0.0204203 0.999791 -0.146696
0.883548 0.468283 -0.00731632 66.1003 -0.468339 0.883397 -0.0163647 59.1019 -0.00120012 0.0178855 0.999839 -0.143332
0.882009 0.471198 -0.00570146 66.8191 -0.471227 0.881883 -0.0150888 58.7266 -0.00208179 0.0159952 0.99987 -0.137506
0.879888 0.475174 -0.00254876 67.5403 -0.475162 0.879792 -0.0136703 58.3512 -0.0042534 0.0132394 0.999903 -0.129604
0.877119 0.480273 0.000112843 68.2533 -0.480228 0.877039 -0.0135884 57.9709 -0.00662512 0.0118645 0.999908 -0.123254
0.873707 0.486452 0.00116423 68.9573 -0.486389 0.873627 -0.0141686 57.5951 -0.00790945 0.0118129 0.999899 -0.118801
0.869574 0.493803 0.000699419 69.6594 -0.493745 0.869492 -0.0141233 57.2125 -0.00758227 0.0119359 0.9999 -0.118937
0.864706 0.502278 0.000279791 70.3574 -0.502231 0.864633 -0.0132253 56.8212 -0.00688469 0.0112955 0.999913 -0.11963
0.859268 0.511526 -0.000487313 71.0457 -0.511482 0.859179 -0.0140744 56.4238 -0.00678075 0.012343 0.999901 -0.121579
0.853644 0.520857 0.000185151 71.7308 -0.520797 0.853552 -0.014793 56.0207 -0.00786308 0.0125316 0.999891 -0.120311
0.847624 0.530596 0.000884767 72.4066 -0.530521 0.84753 -0.0154726 55.6095 -0.00895955 0.0126455 0.99988 -0.119337
0.841529 0.540212 0.000615562 73.074 -0.54013 0.841419 -0.0165547 55.1932 -0.00946101 0.0135988 0.999863 -0.119475
0.835255 0.549862 -5.40675e-05 73.7338 -0.549783 0.835133 -0.0170665 54.7692 -0.00933907 0.0142846 0.999854 -0.119563
0.82913 0.559056 -0.000744135 74.3828 -0.558992 0.829013 -0.0162689 54.3415 -0.00847834 0.013905 0.999867 -0.120254
0.823 0.56804 -0.00149802 75.027 -0.567992 0.82289 -0.0153973 53.9082 -0.00751356 0.0135228 0.99988 -0.12255
0.81719 0.576363 -0.00260492 75.6607 -0.576329 0.817072 -0.0154132 53.4697 -0.00675519 0.0140968 0.999878 -0.123708
0.811623 0.584173 -0.00324001 76.2817 -0.584148 0.811504 -0.0152587 53.0312 -0.00628442 0.0142769 0.999878 -0.124089
0.805942 0.591983 -0.00366773 76.8953 -0.591959 0.805813 -0.0157736 52.5901 -0.00638219 0.0148838 0.999869 -0.120113
0.80059 0.599196 -0.00443054 77.4987 -0.599173 0.800431 -0.0173456 52.1467 -0.00684708 0.0165414 0.99984 -0.118036
0.795931 0.605371 -0.00445244 78.0919 -0.605334 0.795741 -0.0191857 51.7032 -0.00807147 0.0179657 0.999806 -0.117204
0.792217 0.61022 -0.00488146 78.6744 -0.610159 0.791959 -0.0225227 51.2564 -0.00987785 0.0208213 0.999734 -0.116574
0.789867 0.613256 -0.00524523 79.2423 -0.613162 0.789522 -0.026209 50.8191 -0.0119316 0.0239178 0.999643 -0.115867
0.788026 0.615612 -0.00607952 79.8055 -0.615488 0.787567 -0.0302138 50.3816 -0.0138119 0.0275511 0.999525 -0.117406
0.786973 0.616956 -0.00622606 80.3566 -0.616809 0.786463 -0.0319735 49.9543 -0.0148297 0.0290026 0.999469 -0.119056
0.786377 0.617706 -0.00703412 80.8974 -0.617565 0.785819 -0.0331967 49.5273 -0.0149782 0.0304491 0.999424 -0.121603
0.786728 0.617243 -0.00838276 81.4236 -0.617138 0.786138 -0.033583 49.1161 -0.0141389 0.031594 0.999401 -0.12624
0.788315 0.61518 -0.0106698 81.9324 -0.615139 0.787665 -0.0344668 48.7138 -0.012799 0.0337341 0.999349 -0.129636
0.791268 0.611328 -0.0131238 82.431 -0.611364 0.790554 -0.0354735 48.3207 -0.0113108 0.0360925 0.999284 -0.132223
0.79584 0.605334 -0.014483 82.9148 -0.605421 0.795096 -0.0358791 47.9461 -0.0102035 0.0373223 0.999251 -0.133372
0.802469 0.596494 -0.0154525 83.3802 -0.596623 0.801703 -0.0362485 47.5936 -0.00923367 0.0383076 0.999223 -0.133385
0.810527 0.585481 -0.0160619 83.8341 -0.585644 0.809759 -0.0362106 47.2547 -0.00819434 0.0387563 0.999215 -0.131852
0.820232 0.57178 -0.0169612 84.2795 -0.571995 0.819484 -0.0355938 46.9367 -0.00645239 0.0388969 0.999222 -0.128999
0.831437 0.555308 -0.0186055 84.7098 -0.555608 0.830736 -0.0343111 46.6375 -0.00359698 0.0388648 0.999238 -0.126968
0.844621 0.534984 -0.0202091 85.1417 -0.535365 0.844015 -0.0319757 46.3521 -4.97093e-05 0.0378266 0.999284 -0.124224
0.859348 0.510964 -0.0208854 85.5788 -0.511383 0.858837 -0.029758 46.0787 0.00273187 0.036253 0.999339 -0.119171
0.875379 0.483005 -0.0204289 86.0231 -0.48342 0.874921 -0.0286107 45.8251 0.0040546 0.0349209 0.999382 -0.115165
0.892702 0.450297 -0.0177669 86.4771 -0.450639 0.892228 -0.0292276 45.5889 0.00269097 0.034098 0.999415 -0.109661
0.910729 0.412763 -0.0141137 86.9349 -0.413004 0.910219 -0.0304825 45.3732 0.000264463 0.0335903 0.999436 -0.102624
0.928573 0.371034 -0.00928633 87.4008 -0.371138 0.928049 -0.0313335 45.1831 -0.00300762 0.032542 0.999466 -0.0957021
0.945549 0.325452 -0.00426623 87.8721 -0.325427 0.945078 -0.0304259 45.0215 -0.00587026 0.0301576 0.999528 -0.0916168
0.961322 0.275426 -2.93509e-05 88.3529 -0.275314 0.960929 -0.0285878 44.8879 -0.00784561 0.0274902 0.999591 -0.0885985
0.975221 0.221226 0.00179215 88.8328 -0.221092 0.974856 -0.0278299 44.7879 -0.0079038 0.0267441 0.999611 -0.0902322
0.986822 0.161806 0.000884679 89.3109 -0.161709 0.986389 -0.0297775 44.7149 -0.00569083 0.0292421 0.999556 -0.0903752
0.995175 0.0980708 -0.00283788 89.7785 -0.0981111 0.994638 -0.0326919 44.6728 -0.000383456 0.0328126 0.999461 -0.0896972
0.999512 0.0303263 -0.00745454 90.2502 -0.0305715 0.998908 -0.0353403 44.6534 0.00637466 0.035551 0.999348 -0.0854115
0.99918 -0.0389397 -0.0110592 90.7176 0.038526 0.998629 -0.0354317 44.6669 0.0124237 0.0349766 0.999311 -0.0789069
0.99394 -0.109115 -0.0133282 91.1864 0.108612 0.993504 -0.033958 44.7109 0.016947 0.0323047 0.999334 -0.0741017
0.983838 -0.178436 -0.0149717 91.6378 0.177847 0.983462 -0.0342405 44.7802 0.0208339 0.0310244 0.999301 -0.0669675
0.969151 -0.246054 -0.0142649 92.0734 0.245415 0.968739 -0.0362844 44.8793 0.0227469 0.0316643 0.99924 -0.0558012
0.949951 -0.312238 -0.0100258 92.5095 0.311697 0.949478 -0.0365536 45.0035 0.0209327 0.0315991 0.999281 -0.0375867
0.926361 -0.376621 -0.00348357 92.939 0.376286 0.925857 -0.0345938 45.1567 0.0162541 0.0307356 0.999395 -0.0203888
0.899415 -0.437086 0.0030297 93.3471 0.43696 0.898938 -0.031245 45.3434 0.0109332 0.029426 0.999507 -0.0051404
0.869851 -0.493232 0.0090446 93.7422 0.493282 0.869434 -0.0275343 45.5475 0.00571712 0.0284123 0.99958 0.0103597
0.838964 -0.544015 0.013679 94.1263 0.544186 0.838656 -0.022759 45.7732 0.000909247 0.0265379 0.999647 0.027381
0.808821 -0.587858 0.0152493 94.5008 0.588051 0.808642 -0.017146 46.0242 -0.00225183 0.0228354 0.999737 0.04605
0.781509 -0.623722 0.014628 94.8531 0.62388 0.781433 -0.0116768 46.2982 -0.00414779 0.0182516 0.999825 0.0595788
0.756411 -0.654003 0.0110604 95.2027 0.654089 0.756378 -0.00775513 46.5886 -0.00329394 0.0131005 0.999909 0.0649398
0.734553 -0.6785 0.00831988 95.5431 0.67855 0.734514 -0.00764098 46.89 -0.000926662 0.0112582 0.999936 0.0628814
0.717948 -0.69603 0.00966494 95.8672 0.696097 0.717867 -0.010768 47.1975 0.000556715 0.0144586 0.999895 0.0620447
0.706114 -0.707987 0.0125509 96.1945 0.708097 0.705971 -0.0142434 47.5229 0.00122355 0.0189447 0.99982 0.0664352
0.697342 -0.716637 0.0120633 96.5208 0.716736 0.697199 -0.0142472 47.8642 0.00179958 0.0185814 0.999826 0.0712984
0.690257 -0.723513 0.00864898 96.8458 0.723562 0.690172 -0.010987 48.2189 0.00197997 0.0138419 0.999902 0.0732766
0.685707 -0.727867 0.00383682 97.1746 0.727873 0.685676 -0.00697256 48.5844 0.00244428 0.00757386 0.999968 0.0749234
0.683814 -0.729652 -0.00253596 97.5105 0.729639 0.683818 -0.0044978 48.9613 0.00501596 0.00122532 0.999987 0.0757177
0.683809 -0.729634 -0.0063165 97.8524 0.729619 0.683837 -0.00485382 49.3439 0.00786096 -0.00128955 0.999968 0.080299
0.685637 -0.727914 -0.0064721 98.2086 0.727871 0.685667 -0.00801901 49.732 0.0102749 0.000787284 0.999947 0.0895253
0.689106 -0.724619 -0.00771013 98.5878 0.724501 0.689139 -0.0136325 50.1349 0.0151917 0.00380825 0.999877 0.0953211
0.692953 -0.720927 -0.00897392 98.9716 0.720707 0.692978 -0.019048 50.5365 0.0199509 0.00673176 0.999778 0.106407
0.696904 -0.717072 -0.011512 99.3688 0.716871 0.696988 -0.0174076 50.9575 0.0205062 0.00387879 0.999782 0.121454
0.701211 -0.712844 -0.0125364 99.7826 0.712756 0.701322 -0.0112576 51.3912 0.016817 -0.0010415 0.999858 0.139532
0.705192 -0.708969 -0.00819397 100.208 0.708925 0.705239 -0.0079695 51.8277 0.0114288 -0.000188876 0.999935 0.164277
0.708503 -0.705705 -0.0022309 100.655 0.705686 0.708502 -0.00573893 52.2769 0.00563058 0.00249174 0.999981 0.182996
0.711225 -0.702955 0.00367771 101.107 0.702964 0.71122 -0.00267967 52.7236 -0.000731975 0.00449114 0.99999 0.202177
0.71372 -0.700406 0.00597418 101.573 0.700424 0.713726 -0.00135988 53.1817 -0.00331146 0.00515503 0.999981 0.211379
0.714742 -0.699346 0.00772274 102.052 0.699385 0.714729 -0.00480143 53.6455 -0.0021618 0.00883295 0.999959 0.21787
0.714421 -0.699705 0.00394608 102.539 0.699711 0.71438 -0.00811852 54.1137 0.00286157 0.00856115 0.999959 0.221874
0.713614 -0.700539 0.000196852 103.038 0.700473 0.713543 -0.0139317 54.5942 0.00961925 0.0100798 0.999903 0.223885
0.711898 -0.702268 -0.00463029 103.54 0.702122 0.71186 -0.0167223 55.0917 0.0150396 0.00865353 0.999849 0.225815
0.709804 -0.704375 -0.00586039 104.05 0.704251 0.709801 -0.0145961 55.5966 0.0144409 0.0062332 0.999876 0.232354
0.708017 -0.706194 -0.0008163 104.568 0.706155 0.707989 -0.00986697 56.1078 0.00754593 0.00640955 0.999951 0.245341
0.706093 -0.708112 0.00299669 105.09 0.708119 0.706088 -0.00280203 56.6314 -0.00013177 0.0041005 0.999992 0.258684
0.704409 -0.709791 0.00212292 105.613 0.709788 0.704412 0.00207149 57.1619 -0.00296573 4.76466e-05 0.999996 0.26971
0.702832 -0.711345 -0.0039417 106.148 0.711356 0.702822 0.00382313 57.711 5.07444e-05 -0.00549097 0.999985 0.272266
0.700579 -0.713505 -0.010031 106.681 0.713553 0.700598 0.00205159 58.2579 0.0055639 -0.00859499 0.999948 0.274131
0.697625 -0.716334 -0.0136112 107.228 0.716401 0.697689 9.34534e-05 58.8192 0.00942945 -0.00981628 0.999907 0.274882
0.694727 -0.719142 -0.0137656 107.776 0.719205 0.694798 -0.000519458 59.3803 0.00993784 -0.00953937 0.999905 0.281955
0.69221 -0.72162 -0.0104617 108.338 0.721661 0.692247 9.14895e-05 59.9639 0.00717604 -0.00761311 0.999945 0.292664
0.690426 -0.723344 -0.00929984 108.899 0.723391 0.690432 0.00305963 60.5482 0.00420774 -0.00883987 0.999952 0.306064
0.689452 -0.724299 -0.00685708 109.465 0.724331 0.689433 0.005177 61.1435 0.000977805 -0.00853608 0.999963 0.317038
0.688952 -0.7248 -0.00321721 110.039 0.724805 0.688934 0.00519047 61.754 -0.00154561 -0.00590783 0.999981 0.324742
0.688655 -0.725087 -0.0017177 110.608 0.725082 0.688636 0.00612186 62.3626 -0.00325602 -0.00546132 0.99998 0.329331
0.688655 -0.725075 -0.00451328 111.18 0.725084 0.688613 0.00802329 62.9831 -0.00270958 -0.00879779 0.999958 0.332165
0.689083 -0.724611 -0.0102186 111.745 0.724683 0.689017 0.00950437 63.6035 0.00015385 -0.0139546 0.999903 0.333194
0.689879 -0.723721 -0.017189 112.319 0.723922 0.68975 0.0134842 64.2374 0.00209732 -0.021746 0.999761 0.334595
0.691417 -0.722119 -0.0220599 112.893 0.722454 0.691174 0.0184263 64.8684 0.00194123 -0.0286776 0.999587 0.338082
0.693625 -0.71992 -0.0244925 113.473 0.720336 0.693223 0.0236261 65.5044 -3.00941e-05 -0.0340305 0.999421 0.342818
0.695817 -0.71779 -0.0248226 114.059 0.718219 0.695343 0.0256983 66.1382 -0.00118575 -0.0357093 0.999362 0.347639
0.697128 -0.71648 -0.0258548 114.647 0.716946 0.696685 0.0248494 66.7633 0.000208621 -0.0358597 0.999357 0.349928
0.698076 -0.71566 -0.02282 115.249 0.716024 0.697737 0.0217456 67.3895 0.000359919 -0.0315198 0.999503 0.356366
0.698608 -0.715283 -0.0178235 115.846 0.715505 0.698392 0.0173467 68.0059 3.99521e-05 -0.0248713 0.999691 0.36834
0.699143 -0.714822 -0.0151381 116.449 0.714982 0.698984 0.0149074 68.6268 -7.48684e-05 -0.0212459 0.999774 0.381255
0.700279 -0.713703 -0.0154145 117.042 0.713867 0.700059 0.0176609 69.2421 -0.00181352 -0.0233715 0.999725 0.39189
0.701169 -0.71283 -0.0153485 117.64 0.712968 0.700795 0.0237255 69.8584 -0.00615603 -0.0275786 0.999601 0.400802
0.702096 -0.711931 -0.0146745 118.234 0.711992 0.70153 0.0303763 70.478 -0.0113312 -0.0317752 0.999431 0.407646
0.702802 -0.711195 -0.0164527 118.828 0.711321 0.702239 0.029708 71.0943 -0.00957443 -0.032582 0.999423 0.408503
0.702987 -0.710921 -0.0200247 119.423 0.711201 0.702772 0.0174708 71.7064 0.00165247 -0.0265233 0.999647 0.402478
0.702438 -0.711366 -0.0232268 120.012 0.711626 0.702542 0.00470082 72.304 0.0129738 -0.0198309 0.999719 0.402387
0.701775 -0.71209 -0.0209696 120.612 0.712299 0.701865 0.0039663 72.9149 0.0118935 -0.0177201 0.999772 0.413057
0.701359 -0.712744 -0.00960239 121.203 0.712796 0.701204 0.0152885 73.5187 -0.00416358 -0.0175673 0.999837 0.439144
0.700534 -0.713605 0.00443061 121.805 0.71321 0.70033 0.0294956 74.1317 -0.0241511 -0.0175027 0.999555 0.462775
0.699708 -0.714395 0.0070225 122.39 0.713873 0.699517 0.03256 74.7377 -0.028173 -0.0177693 0.999445 0.466058
0.698807 -0.715299 -0.00394047 122.967 0.715146 0.698518 0.0252667 75.3375 -0.0153207 -0.0204745 0.999673 0.450054
0.697597 -0.716364 -0.0134346 123.546 0.716485 0.697403 0.0166741 75.9403 -0.00257539 -0.0212575 0.999771 0.429917
0.696242 -0.717639 -0.0155064 124.121 0.717804 0.696136 0.0123195 76.5355 0.00195365 -0.0197079 0.999804 0.425262
0.694349 -0.719523 -0.0129174 124.704 0.719639 0.694243 0.0121366 77.1422 0.00023524 -0.0177228 0.999843 0.431451
0.691839 -0.721956 -0.0117486 125.27 0.722051 0.691734 0.0120697 77.735 -0.00058687 -0.0168334 0.999858 0.437382
0.688585 -0.725064 -0.0115214 125.843 0.725156 0.688508 0.0102569 78.341 0.000495617 -0.0154175 0.999881 0.439115
0.685682 -0.727777 -0.0134693 126.399 0.727901 0.685588 0.0113942 78.9392 0.000941939 -0.0176171 0.999844 0.441963
0.683683 -0.729585 -0.0168279 126.955 0.729779 0.68351 0.0153701 79.5524 0.000288197 -0.0227889 0.99974 0.439684
0.6821 -0.731028 -0.0183887 127.503 0.731259 0.681855 0.0182685 80.1604 -0.00081639 -0.0259078 0.999664 0.440896
0.681009 -0.732106 -0.0157307 128.056 0.73226 0.680699 0.0210835 80.7661 -0.00472749 -0.025877 0.999654 0.441112
0.680066 -0.733046 -0.0123669 128.606 0.733117 0.679778 0.0209888 81.37 -0.00697903 -0.0233402 0.999703 0.442389
0.678545 -0.734468 -0.011563 129.152 0.734544 0.678349 0.0169395 81.9679 -0.00459777 -0.0199878 0.99979 0.440089
0.67574 -0.73707 -0.0101448 129.701 0.73714 0.675664 0.0101164 82.5723 -0.000602038 -0.0143142 0.999897 0.439073
0.671382 -0.741059 -0.00883819 130.243 0.74111 0.671358 0.00588291 83.1652 0.00157401 -0.0104997 0.999944 0.436959
0.666353 -0.745606 -0.00674909 130.787 0.745636 0.666317 0.0069706 83.7698 -0.00070029 -0.00967724 0.999953 0.437657
0.661339 -0.750085 -0.00180053 131.318 0.750042 0.66127 0.0125916 84.3649 -0.00825412 -0.00967776 0.999919 0.440419
0.657615 -0.753341 0.00445553 131.855 0.753138 0.657556 0.0200787 84.9715 -0.0180559 -0.00984843 0.999788 0.44269
0.654506 -0.756033 0.00601323 132.379 0.755684 0.654412 0.0262088 85.5728 -0.0237499 -0.0126097 0.999638 0.436564
0.651049 -0.75903 0.00289608 132.905 0.758709 0.650876 0.026863 86.1846 -0.0222748 -0.0152919 0.999635 0.418749
0.646217 -0.763151 -0.00197257 133.421 0.763032 0.646064 0.0195821 86.7919 -0.0136697 -0.0141594 0.999806 0.398123
0.640916 -0.767597 -0.00470161 133.938 0.767598 0.640857 0.00979469 87.4058 -0.00450531 -0.00988652 0.999941 0.381758
0.635581 -0.77201 -0.00608114 134.45 0.772033 0.635544 0.00704149 88.0263 -0.00157127 -0.00917027 0.999957 0.37389
0.62998 -0.776562 -0.00876666 134.96 0.776599 0.629866 0.0127673 88.6616 -0.00439274 -0.0148513 0.99988 0.371944
0.623734 -0.781515 -0.013805 135.461 0.781618 0.623501 0.0178902 89.2967 -0.00537398 -0.021949 0.999745 0.369933
0.616217 -0.787339 -0.0193378 135.966 0.787573 0.615951 0.0182433 89.9418 -0.00245248 -0.0264718 0.999647 0.365802
0.608744 -0.793046 -0.0225407 136.467 0.793366 0.608531 0.0161412 90.5873 0.000915999 -0.0277089 0.999616 0.361083
0.60197 -0.798217 -0.0219487 136.967 0.798518 0.601744 0.0165096 91.2422 2.9299e-05 -0.0274647 0.999623 0.362169
0.595717 -0.802897 -0.0218457 137.457 0.803179 0.595318 0.022358 91.9033 -0.00494608 -0.0308651 0.999511 0.366724
0.589202 -0.807699 -0.0215444 137.942 0.807905 0.588556 0.0298507 92.5702 -0.0114303 -0.0349939 0.999322 0.370163
0.582856 -0.81232 -0.0203758 138.422 0.812411 0.582052 0.0346835 93.2389 -0.0163143 -0.036769 0.999191 0.370185
0.577486 -0.816175 -0.0191678 138.899 0.816177 0.57662 0.0369309 93.913 -0.0190895 -0.0369714 0.999134 0.365512
0.573277 -0.819145 -0.0188421 139.368 0.819142 0.572439 0.0363418 94.5905 -0.0189833 -0.0362683 0.999162 0.352765
0.569646 -0.821586 -0.022332 139.835 0.821754 0.568849 0.033624 95.2771 -0.0149215 -0.0375052 0.999185 0.338361
0.566361 -0.823586 -0.0306745 140.296 0.824115 0.56556 0.031249 95.9614 -0.00838794 -0.0429775 0.999041 0.323067
0.563796 -0.825122 -0.0361637 140.755 0.825905 0.563049 0.0292685 96.6476 -0.00378819 -0.0463692 0.998917 0.31041
0.561443 -0.826685 -0.0370653 141.212 0.827496 0.560561 0.0319441 97.335 -0.00563031 -0.0486062 0.998802 0.303809
0.559593 -0.828054 -0.0343664 141.67 0.828646 0.558321 0.0402838 98.0298 -0.0141697 -0.0510202 0.998597 0.300773
0.557474 -0.829606 -0.0312521 142.123 0.82987 0.55581 0.0488965 98.7219 -0.0231946 -0.0531938 0.998315 0.300576
0.553859 -0.832146 -0.0277857 142.572 0.832244 0.552318 0.0481119 99.4099 -0.0246896 -0.0497717 0.998455 0.29194
0.549303 -0.835297 -0.0233391 143.023 0.835427 0.548354 0.0370121 100.093 -0.018118 -0.0398289 0.999042 0.276787
0.543794 -0.838976 -0.0202094 143.477 0.839149 0.543279 0.0260247 100.777 -0.0108548 -0.0311108 0.999457 0.257066
0.537908 -0.842734 -0.0213248 143.925 0.84295 0.537415 0.0249292 101.471 -0.00954839 -0.0313854 0.999462 0.243495
0.531652 -0.846765 -0.018322 144.357 0.846844 0.53109 0.0282471 102.164 -0.014188 -0.0305334 0.999433 0.238718
0.52507 -0.850992 -0.0106696 144.793 0.850846 0.524617 0.0289569 102.879 -0.0190446 -0.0242826 0.999524 0.240734
0.519491 -0.854474 -0.00199224 145.224 0.854182 0.51925 0.0274486 103.585 -0.0224196 -0.015961 0.999621 0.234327
0.514349 -0.857562 0.00573316 145.655 0.857269 0.514331 0.0235167 104.304 -0.0231158 -0.00718094 0.999707 0.226883
0.50898 -0.860722 0.00984014 146.079 0.860561 0.509075 0.0166308 105.02 -0.0193238 3.31698e-06 0.999813 0.219578
0.503247 -0.864033 0.0137592 146.499 0.864083 0.503335 0.00371634 105.737 -0.0101365 0.0100188 0.999898 0.211423
0.497166 -0.867519 0.0153524 146.932 0.867653 0.497125 -0.00663733 106.456 -0.00187406 0.0166204 0.99986 0.201144
0.491344 -0.870881 0.0121606 147.355 0.870958 0.49135 -0.00275359 107.168 -0.00357706 0.0119443 0.999922 0.198167
0.4863 -0.873749 0.00864856 147.764 0.873658 0.486375 0.0126924 107.901 -0.0152964 0.00138358 0.999882 0.200411
0.482103 -0.876089 0.00676079 148.167 0.875723 0.482103 0.0261885 108.637 -0.0262029 -0.00670496 0.999634 0.209135
0.478519 -0.878044 0.00758249 148.564 0.87762 0.478531 0.0281518 109.38 -0.028347 -0.00681665 0.999575 0.20749
0.476173 -0.879339 0.00475673 148.958 0.879103 0.47616 0.0211727 110.118 -0.020883 -0.00590023 0.999765 0.196926
0.474543 -0.880216 -0.00540565 149.346 0.880173 0.474432 0.0144673 110.859 -0.0101697 -0.0116233 0.999881 0.186006
0.472836 -0.881054 -0.0129983 149.738 0.881141 0.472711 0.0116613 111.605 -0.00412984 -0.0169672 0.999848 0.179249
0.471199 -0.881967 -0.0102745 150.131 0.882013 0.471094 0.0111069 112.347 -0.00495569 -0.0142958 0.999885 0.1823
0.470632 -0.882312 -0.00553258 150.533 0.882252 0.470498 0.0162518 113.1 -0.0117361 -0.0125298 0.999853 0.187967
0.470991 -0.882134 -0.00271676 150.931 0.881921 0.470804 0.0236515 113.853 -0.0195848 -0.0135356 0.999717 0.186762
0.470606 -0.882342 -0.00169139 151.324 0.882065 0.470408 0.0260433 114.613 -0.0221835 -0.0137481 0.999659 0.186076
0.468995 -0.883198 -0.00221359 151.716 0.883062 0.468876 0.0189002 115.371 -0.0156547 -0.0108188 0.999819 0.184788
0.467215 -0.884142 0.00182724 152.114 0.884132 0.467218 0.00415964 116.125 -0.00453143 -0.000327918 0.99999 0.185385
0.465507 -0.88501 0.00774925 152.515 0.885038 0.465451 -0.00800583 116.879 0.00347835 0.0105851 0.999938 0.187232
0.464307 -0.885611 0.0106185 152.908 0.88567 0.464235 -0.0086255 117.63 0.00270937 0.0134094 0.999906 0.198878
0.46334 -0.886133 0.00923298 153.306 0.886162 0.463373 0.00170528 118.391 -0.00578941 0.0073918 0.999956 0.20903
0.462159 -0.886732 0.0107958 153.695 0.886704 0.462252 0.00884199 119.152 -0.0128308 0.00548624 0.999903 0.223335
0.46115 -0.887238 0.0121965 154.09 0.887233 0.461255 0.00785517 119.917 -0.0125951 0.00719874 0.999895 0.231565
0.460998 -0.887342 0.0102421 154.479 0.887376 0.461041 0.0021828 120.672 -0.00665891 0.00808232 0.999945 0.232709
0.461108 -0.887328 0.00530559 154.861 0.887339 0.461118 0.000676892 121.43 -0.00304713 0.00439573 0.999986 0.234666
0.46091 -0.887446 0.00149676 155.244 0.887437 0.460912 0.0039894 122.183 -0.00423025 -0.000510476 0.999991 0.238205
0.460579 -0.887618 -0.000849053 155.622 0.887582 0.460552 0.00949323 122.924 -0.00803533 -0.00512599 0.999955 0.237999
0.460158 -0.887836 -0.0016192 156.008 0.887766 0.460097 0.0135072 123.674 -0.0112472 -0.00765294 0.999907 0.238104
0.459829 -0.888005 -0.00190718 156.383 0.887922 0.459755 0.0148091 124.411 -0.0122737 -0.0085031 0.999889 0.236981
0.459343 -0.888258 -0.00129975 156.758 0.888203 0.459298 0.0118707 125.152 -0.00994728 -0.00660717 0.999929 0.235052
0.458591 -0.888642 -0.00318312 157.128 0.888633 0.45856 0.00741945 125.88 -0.00513358 -0.00623112 0.999967 0.236027
0.457601 -0.88914 -0.00560207 157.497 0.889154 0.457571 0.00587059 126.61 -0.00265643 -0.00766749 0.999967 0.235819
0.456385 -0.889761 -0.00624069 157.863 0.88977 0.456329 0.00857317 127.328 -0.00478026 -0.00946544 0.999944 0.226588
0.455515 -0.890221 -0.00361953 158.229 0.890174 0.455439 0.0128447 128.041 -0.00978616 -0.00907298 0.999911 0.232423
0.454917 -0.890532 0.0019673 158.592 0.890437 0.454899 0.0137198 128.739 -0.0131128 -0.00448959 0.999904 0.247821
0.454729 -0.890625 0.00297691 158.952 0.890537 0.454727 0.0129007 129.438 -0.0128434 -0.00321529 0.999912 0.266845
