0.520346 -0.853432 0.0298964 -3.36895 0.853899 0.520394 -0.00677646 -5.38871 -0.00977465 0.0290546 0.99953 0.337729
0.519006 -0.854169 0.0320586 -3.03334 0.854709 0.519055 -0.00743965 -4.82576 -0.0102855 0.031262 0.999458 0.325606
0.517627 -0.854969 0.033016 -2.6895 0.855531 0.517707 -0.00674954 -4.25003 -0.011322 0.03174 0.999432 0.317896
0.516093 -0.855861 0.0339018 -2.33404 0.856445 0.516202 -0.00614311 -3.65833 -0.0122425 0.0322055 0.999406 0.309896
0.513794 -0.857243 0.033899 -1.96605 0.857823 0.513912 -0.00582849 -3.05467 -0.0124246 0.032074 0.999408 0.310078
0.51128 -0.858743 0.0339683 -1.58602 0.859322 0.511406 -0.00553201 -2.43724 -0.012621 0.0320181 0.999408 0.312955
0.508425 -0.860445 0.03374 -1.19723 0.861011 0.508562 -0.00502296 -1.80188 -0.0128369 0.0316043 0.999418 0.316993
0.505355 -0.862285 0.0328809 -0.806153 0.862815 0.505502 -0.00429493 -1.15395 -0.0129179 0.0305406 0.99945 0.321688
0.501903 -0.86433 0.0320389 -0.407034 0.864824 0.502064 -0.00337825 -0.488923 -0.0131656 0.0294035 0.999481 0.327613
0.498185 -0.866507 0.0312496 -0.00387464 0.866964 0.498365 -0.00229963 0.191729 -0.013581 0.0282379 0.999509 0.333995
0.494342 -0.868715 0.0309851 0.405508 0.86915 0.494547 -0.00117884 0.891772 -0.0142995 0.0275134 0.999519 0.338999
0.490548 -0.870882 0.0304493 0.811292 0.871296 0.490758 -0.000680906 1.60157 -0.0143503 0.0268644 0.999536 0.344748
0.486794 -0.873007 0.0298493 1.21916 0.873401 0.487001 -0.00037317 2.33155 -0.0142108 0.026252 0.999554 0.351049
0.483161 -0.875031 0.0296063 1.63009 0.875424 0.483355 -0.000696433 3.07271 -0.013701 0.0262546 0.999561 0.358302
0.47969 -0.87695 0.0292731 2.03857 0.877345 0.479859 -0.00140441 3.82145 -0.0128154 0.0263563 0.99957 0.365427
0.476631 -0.878604 0.0296401 2.44996 0.879026 0.476766 -0.00279376 4.58239 -0.0116768 0.027386 0.999557 0.371836
0.473833 -0.880165 0.028153 2.86312 0.880569 0.473893 -0.0049092 5.35516 -0.00902061 0.0271168 0.999592 0.376103
0.471321 -0.88161 0.0248902 3.27552 0.881948 0.471284 -0.00768762 6.13744 -0.0049529 0.0255752 0.999661 0.377897
0.469114 -0.882879 0.0213701 3.68829 0.883137 0.469016 -0.00968616 6.93113 -0.0014712 0.0234166 0.999725 0.37718
0.466917 -0.884113 0.0182106 4.10122 0.884301 0.466803 -0.0103592 7.73324 0.000657981 0.0209405 0.999781 0.378273
0.465134 -0.885057 0.0180327 4.5175 0.88524 0.465022 -0.0102 8.5407 0.000641947 0.0207076 0.999785 0.381571
0.463256 -0.886022 0.0189279 4.93781 0.886225 0.46315 -0.00991804 9.35203 2.1155e-05 0.021369 0.999772 0.383507
0.461779 -0.886779 0.019569 5.3596 0.886995 0.461672 -0.00993353 10.171 -0.000225616 0.0219447 0.999759 0.386529
0.460065 -0.887681 0.0190563 5.78446 0.887885 0.459939 -0.0107718 10.9958 0.000797142 0.0218756 0.99976 0.386434
0.458766 -0.888344 0.0194672 6.20982 0.888553 0.458587 -0.0130634 11.8185 0.00267742 0.0232907 0.999725 0.386419
0.457764 -0.888844 0.0201989 6.63528 0.889068 0.45756 -0.014032 12.6435 0.0032301 0.0243815 0.999698 0.384034
0.457324 -0.889075 0.0200145 7.06021 0.889299 0.457172 -0.0118756 13.4757 0.0014082 0.0232298 0.999729 0.385596
0.457582 -0.88893 0.0205372 7.48843 0.889166 0.457504 -0.00862492 14.3143 -0.0017289 0.0222076 0.999752 0.384554
0.458445 -0.888458 0.0216677 7.91935 0.888712 0.458425 -0.00619335 15.1504 -0.00443048 0.0220956 0.999746 0.378428
0.459886 -0.887681 0.0229602 8.35269 0.887958 0.459897 -0.00511284 15.9921 -0.00602074 0.022739 0.999723 0.369156
0.461361 -0.886929 0.022419 8.79167 0.887201 0.461334 -0.00669707 16.8332 -0.00440281 0.0229799 0.999726 0.354445
0.462737 -0.886277 0.0197162 9.2316 0.886496 0.462622 -0.0102917 17.6804 1.269e-07 0.0222406 0.999753 0.342021
0.464119 -0.88561 0.0169683 9.6747 0.885758 0.463916 -0.0146523 18.53 0.00510438 0.0218303 0.999749 0.331598
0.465322 -0.884981 0.0168578 10.1233 0.885112 0.465066 -0.0170474 19.3823 0.00724658 0.0228536 0.999713 0.325292
0.46571 -0.884725 0.0193918 10.5743 0.884924 0.465471 -0.0156595 20.2418 0.00482807 0.024453 0.999689 0.324465
0.465205 -0.884904 0.0230102 11.032 0.885203 0.465036 -0.0125436 21.11 0.000399264 0.026204 0.999657 0.325391
0.464558 -0.885067 0.0290229 11.4927 0.885542 0.464352 -0.0138908 21.9766 -0.00118249 0.032154 0.999482 0.320083
0.463734 -0.885371 0.032689 11.9571 0.885973 0.46336 -0.0186781 22.843 0.00139026 0.0376233 0.999291 0.309214
0.462771 -0.885918 0.0315001 12.4207 0.88646 0.462241 -0.0228586 23.7136 0.00569018 0.0385019 0.999242 0.299268
0.461464 -0.88668 0.0291403 12.882 0.887115 0.460866 -0.0250815 24.5906 0.00880949 0.037425 0.999261 0.290602
0.460318 -0.887303 0.028297 13.3453 0.887707 0.45973 -0.0249934 25.4741 0.00916772 0.0366243 0.999287 0.289959
0.459293 -0.887865 0.0273222 13.8121 0.888258 0.458823 -0.0218864 26.3635 0.00689613 0.0343214 0.999387 0.289868
0.45829 -0.888417 0.0261819 14.278 0.888788 0.457915 -0.0192167 27.2547 0.00508335 0.032077 0.999472 0.29007
0.457353 -0.888898 0.0262463 14.7433 0.88928 0.457051 -0.0168857 28.1481 0.00301375 0.031063 0.999513 0.287688
0.456826 -0.889128 0.0275872 15.209 0.889556 0.45659 -0.0146905 29.0426 0.000465648 0.0312514 0.999511 0.285271
0.456412 -0.889401 0.0255796 15.6704 0.889764 0.456315 -0.00985141 29.9379 -0.0029105 0.0272561 0.999624 0.283218
0.456467 -0.889434 0.0233681 16.1306 0.889731 0.456425 -0.0074122 30.8372 -0.0040731 0.0241747 0.999699 0.275644
0.456346 -0.889507 0.0229114 16.5884 0.889795 0.456293 -0.00781835 31.726 -0.00349981 0.0239543 0.999707 0.266893
0.456688 -0.889394 0.0203673 17.0453 0.889626 0.456597 -0.00918251 32.6181 -0.0011328 0.0223129 0.99975 0.253773
0.456649 -0.889456 0.0184436 17.499 0.889647 0.456547 -0.00965057 33.5055 0.000163406 0.0208152 0.999783 0.245074
0.455737 -0.889902 0.0194425 17.9562 0.890114 0.45564 -0.00943741 34.3952 -0.000460426 0.0216071 0.999766 0.242109
0.454958 -0.89027 0.0208038 18.4092 0.890511 0.454877 -0.00874919 35.284 -0.00167403 0.0225065 0.999745 0.236843
0.454541 -0.890508 0.019723 18.8568 0.890725 0.454463 -0.00851209 36.1655 -0.00138332 0.0214369 0.999769 0.232875
0.454273 -0.890726 0.0156033 19.3024 0.890858 0.454148 -0.0110017 37.0487 0.00271333 0.0188981 0.999818 0.225167
0.454159 -0.890822 0.0132981 19.746 0.890901 0.453999 -0.0134029 37.932 0.00590223 0.0179344 0.999822 0.220295
0.453781 -0.891014 0.0132706 20.1893 0.891098 0.453638 -0.0124789 38.8083 0.00509887 0.0174881 0.999834 0.223371
0.453623 -0.891035 0.0168004 20.6355 0.891193 0.453521 -0.00966495 39.6901 0.000992446 0.0193567 0.999812 0.22807
0.453415 -0.891101 0.0188228 21.0766 0.891299 0.453338 -0.0083973 40.5625 -0.00105027 0.0205842 0.999788 0.229948
0.453479 -0.89102 0.0209883 21.5152 0.891266 0.45338 -0.00950122 41.4285 -0.00104993 0.0230148 0.999735 0.23035
0.453388 -0.891003 0.0235061 21.9596 0.891313 0.453239 -0.0116332 42.2994 -0.000288673 0.0262257 0.999656 0.232242
0.452812 -0.891262 0.0247667 22.4014 0.891606 0.452638 -0.0125682 43.162 -8.77932e-06 0.0277731 0.999614 0.23294
0.452007 -0.891588 0.0275719 22.8388 0.892011 0.451872 -0.0113195 44.0236 -0.00236666 0.0297109 0.999556 0.233899
0.451093 -0.891881 0.0325966 23.28 0.892446 0.451078 -0.00823933 44.8881 -0.00735509 0.0328074 0.999435 0.237217
0.450423 -0.892172 0.0338963 23.7146 0.892742 0.450547 -0.004318 45.7503 -0.0114195 0.0322056 0.999416 0.236121
0.449851 -0.892518 0.0323395 24.1421 0.893034 0.449973 -0.0038228 46.606 -0.01114 0.0306 0.99947 0.226862
0.44902 -0.893074 0.0282865 24.5684 0.893502 0.448994 -0.00760228 47.4564 -0.00591109 0.0286877 0.999571 0.214393
0.448471 -0.893474 0.0240613 24.9852 0.893797 0.448277 -0.0132347 48.2923 0.00103871 0.0274413 0.999623 0.201249
0.447778 -0.893942 0.0190329 25.3968 0.894137 0.447587 -0.0135935 49.1257 0.00363295 0.0231049 0.999726 0.194644
0.447113 -0.894334 0.0160395 25.8017 0.894474 0.446991 -0.010722 49.9458 0.0024195 0.0191409 0.999814 0.196677
0.446124 -0.894849 0.0147786 26.2031 0.894971 0.446062 -0.00749097 50.7541 0.000111101 0.0165684 0.999863 0.204066
0.445145 -0.895359 0.0133703 26.596 0.895458 0.445103 -0.00616827 51.5514 -0.000428325 0.0147183 0.999892 0.20524
0.444182 -0.895853 0.0122002 26.9772 0.895936 0.444145 -0.00574319 52.3286 -0.00027359 0.0134816 0.999909 0.202538
0.442897 -0.896502 0.0112155 27.3535 0.896572 0.442875 -0.00449014 53.0958 -0.000941651 0.0120442 0.999927 0.202286
0.44173 -0.897084 0.0107479 27.7184 0.897147 0.441712 -0.00408234 53.8453 -0.00108527 0.0114457 0.999934 0.201298
0.44054 -0.897667 0.0109263 28.0791 0.897732 0.440527 -0.00373138 54.5867 -0.00146378 0.0114527 0.999933 0.198684
0.439481 -0.898192 0.0104004 28.428 0.898247 0.439486 -0.00189389 55.3177 -0.00286975 0.0101744 0.999944 0.193982
0.438389 -0.898733 0.00968058 28.7696 0.898766 0.438425 0.00178062 56.0385 -0.00584451 0.00791998 0.999952 0.193022
0.437235 -0.899296 0.00964503 29.1042 0.899303 0.437295 0.00526592 56.7487 -0.00895334 0.00637136 0.99994 0.192343
0.435863 -0.899988 0.00671643 29.4311 0.899973 0.435902 0.00622496 57.4457 -0.00853009 0.00333138 0.999958 0.184855
0.434907 -0.900473 0.00200062 29.7385 0.900471 0.434911 0.00202626 58.1133 -0.00269468 0.000920264 0.999996 0.173714
0.433951 -0.900936 -0.000626264 30.0465 0.900926 0.433949 -0.0045166 58.7755 0.00434093 0.00139577 0.99999 0.163757
0.433183 -0.9013 -0.00316683 30.3397 0.901262 0.433194 -0.00834989 59.413 0.00889761 0.000762893 0.99996 0.149694
0.432826 -0.901468 -0.00404675 30.6219 0.901436 0.432845 -0.00761206 60.0329 0.00861365 -0.000353195 0.999963 0.145002
0.431954 -0.901887 -0.00392771 30.8972 0.901882 0.431967 -0.00353873 60.6363 0.00488818 -0.00201376 0.999986 0.15073
0.430986 -0.902354 -0.00295574 31.1644 0.902344 0.430995 -0.00429092 61.2138 0.00514584 -0.000817773 0.999986 0.153631
0.430662 -0.902513 0.000295678 31.4234 0.902466 0.430636 -0.0104262 61.7689 0.00928249 0.00475703 0.999946 0.150601
0.431117 -0.90229 0.00347836 31.6818 0.902183 0.430998 -0.01749 62.3142 0.0142818 0.0106783 0.999841 0.148389
0.433066 -0.901352 0.0042485 31.9323 0.901194 0.432889 -0.0213713 62.8448 0.017424 0.0130839 0.999763 0.151285
0.436158 -0.899869 0.00152762 32.171 0.899726 0.436057 -0.0186378 63.3594 0.0161055 0.00950347 0.999825 0.156637
0.440205 -0.897896 0.00164805 32.4061 0.897798 0.440128 -0.0156996 63.8588 0.0133712 0.00839064 0.999875 0.157758
0.444552 -0.895733 0.00607099 32.6446 0.895702 0.444443 -0.0137337 64.3379 0.0096035 0.0115431 0.999887 0.161792
0.450532 -0.892676 0.0123107 32.8814 0.892746 0.450402 -0.011965 64.8041 0.00513612 0.016381 0.999853 0.170803
0.458691 -0.888478 0.0144891 33.11 0.888593 0.458584 -0.010184 65.2572 0.00240377 0.0175462 0.999843 0.176246
0.469802 -0.8827 0.011267 33.3368 0.882769 0.469728 -0.00866759 65.6946 0.00235847 0.0140182 0.999899 0.173507
0.484129 -0.874969 0.00696526 33.5637 0.874995 0.484099 -0.00561227 66.1218 0.00153869 0.00881164 0.99996 0.167775
0.501321 -0.865242 0.00586597 33.7964 0.865261 0.501305 -0.0039945 66.5245 0.000515567 0.00707813 0.999975 0.157995
0.52197 -0.85292 0.00864422 34.0279 0.852963 0.521957 -0.00389504 66.919 -0.00118976 0.0094063 0.999955 0.146381
0.545149 -0.838253 0.012016 34.2845 0.838332 0.545148 -0.00366179 67.2921 -0.00348098 0.0120696 0.999921 0.138607
0.570788 -0.82097 0.0144537 34.5518 0.821072 0.57082 -0.00221182 67.6547 -0.00643461 0.01313 0.999893 0.128186
0.599011 -0.800579 0.0161045 34.8311 0.800688 0.599081 -0.000577835 68.006 -0.00918529 0.0132408 0.99987 0.116294
0.630884 -0.775727 0.0153046 35.0633 0.775803 0.630974 0.00141153 68.3593 -0.0107518 0.0109828 0.999882 0.105392
0.664891 -0.746802 0.0143493 35.3023 0.746845 0.66499 0.00317595 68.6976 -0.0119139 0.00860505 0.999892 0.0926152
0.700492 -0.713556 0.0121923 35.5447 0.713558 0.700579 0.00497525 69.0191 -0.0120918 0.00521479 0.999913 0.0816767
0.737607 -0.675165 0.00939717 35.8096 0.675139 0.737664 0.00618085 69.3277 -0.0111051 0.00178536 0.999937 0.0722978
0.775202 -0.631667 0.00760621 36.1012 0.631634 0.77524 0.00647465 69.6079 -0.00998646 -0.000214822 0.99995 0.0622922
0.81214 -0.583421 0.00693712 36.4174 0.583384 0.812169 0.00668746 69.8606 -0.00953572 -0.00138415 0.999954 0.0486313
0.847721 -0.530416 0.00536521 36.727 0.530376 0.847731 0.00733497 70.096 -0.00843884 -0.00337242 0.999959 0.0285285
0.880747 -0.473557 0.00538392 37.0612 0.473527 0.880759 0.00608605 70.3021 -0.00762403 -0.00281084 0.999967 0.0136992
0.909884 -0.414813 0.00638923 37.4358 0.414784 0.909904 0.00540045 70.4828 -0.00805377 -0.00226363 0.999965 0.00189973
0.93536 -0.353629 0.00698291 37.7708 0.353596 0.935382 0.00552354 70.6379 -0.00848497 -0.00269737 0.99996 -0.00554643
0.956531 -0.291498 0.00876771 38.12 0.291435 0.956559 0.0077556 70.7745 -0.0106476 -0.00486326 0.999932 -0.0151409
0.973214 -0.22963 0.0111918 38.5092 0.229523 0.973251 0.0100911 70.8826 -0.0132097 -0.00725204 0.999886 -0.0276938
0.985728 -0.167878 0.0125002 38.9053 0.167764 0.985779 0.00971047 70.9617 -0.0139526 -0.0074748 0.999875 -0.0396962
0.994116 -0.107531 0.0130413 39.304 0.107456 0.99419 0.00629517 71.0168 -0.0136425 -0.00485677 0.999895 -0.0498549
0.998686 -0.0495259 0.0131513 39.7008 0.0494606 0.998762 0.00524325 71.0516 -0.0133947 -0.00458588 0.9999 -0.0572678
0.999894 0.00675872 0.0129281 40.0972 -0.00687281 0.999938 0.00880133 71.0665 -0.0128678 -0.00888925 0.999878 -0.0643879
0.998053 0.0612765 0.0116176 40.4685 -0.0614327 0.998019 0.0135949 71.0959 -0.0107615 -0.0142821 0.99984 -0.0728237
0.993714 0.11151 0.00992055 40.8422 -0.111638 0.993659 0.0133787 71.0916 -0.00836578 -0.0144021 0.999861 -0.0849567
0.987495 0.157366 0.00945604 41.224 -0.157405 0.987528 0.00358416 71.0644 -0.00877407 -0.00502777 0.999949 -0.093561
0.980133 0.198057 0.0105894 41.6105 -0.197999 0.980182 -0.00620815 71.0173 -0.0116091 0.00398813 0.999925 -0.0980568
0.972108 0.234255 0.0114234 42.0033 -0.234183 0.972165 -0.00726019 70.968 -0.0128061 0.00438254 0.999908 -0.0994892
0.963571 0.267262 0.0101157 42.4009 -0.267279 0.963619 0.000309461 70.9052 -0.00966495 -0.00300189 0.999949 -0.0996417
0.954773 0.297174 0.00978304 42.8124 -0.297267 0.954741 0.0101181 70.8281 -0.00633345 -0.0125686 0.999901 -0.0977104
0.946059 0.323879 0.00868679 43.225 -0.323974 0.945967 0.0136714 70.7311 -0.00378953 -0.0157483 0.999869 -0.0954576
0.937457 0.348043 0.00642851 43.6472 -0.348096 0.937389 0.0114226 70.616 -0.00205048 -0.0129459 0.999914 -0.0962368
0.929364 0.369164 0.000218623 44.0708 -0.369157 0.929343 0.00665058 70.4877 0.00225198 -0.00626152 0.999978 -0.105341
0.921575 0.388092 -0.00911275 44.4983 -0.388065 0.92162 0.00470704 70.3446 0.0102253 -0.000801557 0.999947 -0.12315
0.913876 0.405785 -0.0130437 44.9383 -0.405739 0.913969 0.00609449 70.1974 0.0143946 -0.000277272 0.999896 -0.131115
0.906941 0.421151 -0.00946338 45.3897 -0.421096 0.906987 0.007307 70.0357 0.0116605 -0.00264203 0.999929 -0.122401
0.900433 0.434972 -0.00455176 45.848 -0.43494 0.900435 0.0066215 69.8595 0.00697873 -0.00398247 0.999968 -0.109077
0.894161 0.447742 -0.00190491 46.3118 -0.447731 0.894158 0.00423702 69.67 0.00360038 -0.00293569 0.999989 -0.0986141
0.888412 0.459045 -0.00123352 46.7883 -0.459045 0.888413 0.000475294 69.4642 0.00131406 0.000143985 0.999999 -0.0947325
0.883213 0.468966 -0.00240562 47.2783 -0.468971 0.883207 -0.00326127 69.2448 0.000595241 0.00400857 0.999992 -0.0937348
0.878777 0.477213 -0.00427893 47.7724 -0.477232 0.878753 -0.00655466 68.9998 0.000632155 0.00780212 0.999969 -0.0899749
0.875349 0.483459 -0.00563081 48.2769 -0.483491 0.875307 -0.00861273 68.7508 0.000764784 0.0102616 0.999947 -0.091726
0.872629 0.488331 -0.00717781 48.7961 -0.488383 0.872559 -0.0110591 68.479 0.000862575 0.013156 0.999913 -0.0936874
0.869679 0.493543 -0.00855692 49.3272 -0.493615 0.869601 -0.011757 68.2043 0.00163851 0.0144487 0.999894 -0.0982662
0.867037 0.498147 -0.00978981 49.8713 -0.498241 0.866928 -0.0138396 67.9081 0.00159289 0.0168772 0.999856 -0.100006
0.865072 0.501524 -0.0111798 50.4261 -0.501646 0.864922 -0.0161907 67.6054 0.00154965 0.0196145 0.999806 -0.103521
0.863464 0.504264 -0.0121194 50.9926 -0.504408 0.863274 -0.0181937 67.2887 0.00128793 0.0218228 0.999761 -0.106368
0.862031 0.506705 -0.0123654 51.5715 -0.506855 0.861802 -0.0198658 66.9617 0.000590455 0.0233924 0.999726 -0.112908
0.861033 0.508346 -0.0143621 52.158 -0.508548 0.860716 -0.0233739 66.6221 0.000479656 0.0274295 0.999624 -0.119665
0.860993 0.50835 -0.0164642 52.7577 -0.508616 0.860556 -0.0274333 66.2679 0.000222687 0.0319938 0.999488 -0.126729
0.861681 0.50711 -0.0186053 53.3682 -0.507451 0.861123 -0.0310005 65.9038 0.000300788 0.0361538 0.999346 -0.134807
0.863178 0.504497 -0.0201802 53.994 -0.5049 0.862537 -0.0332596 65.5313 0.000626781 0.0388979 0.999243 -0.144326
0.865166 0.501015 -0.0217156 54.6322 -0.501485 0.864444 -0.0353594 65.15 0.00105634 0.0414818 0.999139 -0.152597
0.867269 0.497347 -0.0221449 55.2875 -0.49784 0.866465 -0.0373407 64.7605 0.000616472 0.043409 0.999057 -0.160036
0.86939 0.49365 -0.0216854 55.9553 -0.494126 0.868524 -0.0388075 64.3659 -0.000323027 0.0444541 0.999011 -0.16421
0.871599 0.489815 -0.0199171 56.6387 -0.490216 0.870725 -0.0390755 63.9682 -0.00179746 0.0438219 0.999038 -0.170027
0.873871 0.485837 -0.0176734 57.3355 -0.486148 0.873042 -0.0381831 63.5688 -0.00312118 0.041959 0.999114 -0.174509
0.876095 0.481853 -0.0165973 58.0406 -0.482127 0.875319 -0.0370154 63.1688 -0.00330803 0.040431 0.999177 -0.182425
0.878155 0.47806 -0.01739 58.7525 -0.478375 0.877482 -0.0343885 62.7695 -0.00118033 0.0385174 0.999257 -0.188045
0.879476 0.47555 -0.0193308 59.4793 -0.475929 0.879029 -0.0282766 62.3789 0.0035454 0.0340687 0.999413 -0.198485
0.879841 0.474783 -0.0214868 60.2048 -0.475202 0.879575 -0.0230419 61.9841 0.00795937 0.0304838 0.999504 -0.202973
0.880147 0.474226 -0.0212523 60.9313 -0.474599 0.880006 -0.0185882 61.6014 0.00988708 0.0264467 0.999601 -0.202882
0.88038 0.473905 -0.018589 61.6581 -0.474196 0.880259 -0.0168288 61.2144 0.00838786 0.0236305 0.999686 -0.195132
0.880672 0.473428 -0.0167948 62.3792 -0.473671 0.880558 -0.0159568 60.8332 0.00723443 0.0220079 0.999732 -0.185341
0.880919 0.473021 -0.015245 63.1 -0.473226 0.880811 -0.0151584 60.449 0.00625774 0.0205677 0.999769 -0.177776
0.88118 0.472585 -0.0136336 63.8221 -0.472746 0.881101 -0.013123 60.0699 0.00581087 0.0180089 0.999821 -0.170024
0.881463 0.472086 -0.0125769 64.5464 -0.472216 0.881416 -0.010832 59.6943 0.00597183 0.015487 0.999862 -0.166912
0.881406 0.472217 -0.0116092 65.2697 -0.472313 0.881399 -0.00753091 59.3171 0.00667612 0.012121 0.999904 -0.163116
0.880702 0.473561 -0.0101661 65.9972 -0.47362 0.880719 -0.00436245 58.9487 0.0068876 0.0086569 0.999939 -0.160732
0.879332 0.476147 -0.00774121 66.7189 -0.476173 0.87935 -0.00184502 58.5771 0.00592874 0.00530854 0.999968 -0.154994
0.877439 0.479668 -0.0044877 67.4428 -0.479674 0.877447 -0.00039107 58.2063 0.00375013 0.00249577 0.99999 -0.147115
0.874947 0.484217 -0.000975513 68.1592 -0.484217 0.874948 0.000467249 57.8318 0.00107977 6.35413e-05 0.999999 -0.140081
0.871767 0.48992 0.000968079 68.8695 -0.489921 0.871765 0.00154176 57.4639 -8.85983e-05 -0.00181834 0.999998 -0.134721
0.867907 0.496725 0.00131276 69.5781 -0.496726 0.867903 0.00276383 57.0909 0.000233519 -0.00305083 0.999995 -0.134233
0.863212 0.50484 0.000892877 70.2819 -0.504841 0.863208 0.00295502 56.7076 0.000721077 -0.00300157 0.999995 -0.134444
0.858129 0.513433 0.000555856 70.9754 -0.513433 0.858126 0.00262998 56.319 0.000873324 -0.00254226 0.999996 -0.134658
0.852621 0.522527 0.00187955 71.6688 -0.52253 0.852619 0.00181949 55.9253 -0.000651808 -0.00253346 0.999997 -0.131941
0.846792 0.531917 0.00287611 72.3508 -0.531921 0.846793 0.000979636 55.523 -0.00191439 -0.00235941 0.999995 -0.12967
0.84078 0.54137 0.00275769 73.0232 -0.541372 0.840783 -0.000143801 55.1164 -0.00239647 -0.00137203 0.999996 -0.129076
0.83463 0.550805 0.00247948 73.6899 -0.550805 0.834634 -0.000456723 54.7002 -0.00232102 -0.000984514 0.999997 -0.126943
0.828551 0.55991 0.00188544 74.3453 -0.55991 0.828553 -0.000402607 54.279 -0.00178761 -0.0007221 0.999998 -0.124431
0.822495 0.568771 0.00102515 74.9984 -0.568771 0.822496 -0.000265227 53.8518 -0.000994036 -0.000364928 0.999999 -0.125593
0.816687 0.577081 6.95611e-05 75.6395 -0.577081 0.816687 -0.00078948 53.4194 -0.000512404 0.000604616 1 -0.124926
0.810996 0.58505 -0.00107629 76.2644 -0.585051 0.810995 -0.00142772 52.9892 3.75806e-05 0.00178756 0.999998 -0.12449
0.805239 0.592949 -0.00137917 76.8846 -0.592951 0.805236 -0.00188822 52.5549 -9.0574e-06 0.00233825 0.999997 -0.117952
0.799688 0.600413 -0.00202247 77.4947 -0.600416 0.799681 -0.00329637 52.1161 -0.000361848 0.00385039 0.999993 -0.115745
0.794695 0.607006 -0.002185 78.0922 -0.607008 0.794678 -0.00529299 51.6757 -0.00147651 0.00553262 0.999984 -0.113501
0.790606 0.61232 -0.00236762 78.6776 -0.612316 0.790569 -0.00838355 51.2332 -0.00326164 0.00807782 0.999962 -0.112094
0.787623 0.616151 -0.00284504 79.2494 -0.616134 0.787543 -0.012477 50.7985 -0.00544712 0.0115801 0.999918 -0.11053
0.785414 0.618963 -0.00305975 79.8151 -0.618926 0.785288 -0.0159005 50.362 -0.00743905 0.0143822 0.999869 -0.110632
0.78391 0.620866 -0.00328902 80.3693 -0.620812 0.783746 -0.0182644 49.9356 -0.00876201 0.0163595 0.999828 -0.112853
0.782986 0.62203 -0.00334063 80.9122 -0.621968 0.782806 -0.0192644 49.5106 -0.00936794 0.0171615 0.999809 -0.116454
0.782818 0.622234 -0.00463489 81.4412 -0.622188 0.782611 -0.020056 49.0996 -0.00885219 0.018584 0.999788 -0.121796
0.783881 0.620876 -0.00656696 81.9544 -0.620864 0.783646 -0.0206587 48.6933 -0.00768032 0.0202711 0.999765 -0.125818
0.786261 0.617838 -0.00837113 82.4546 -0.617859 0.785999 -0.0213258 48.2991 -0.00659619 0.0219398 0.999738 -0.129936
0.790161 0.612827 -0.00935699 82.9395 -0.612874 0.7899 -0.0210631 47.9233 -0.00551695 0.0223779 0.999734 -0.131494
0.79589 0.605353 -0.0102966 83.4038 -0.605426 0.795635 -0.0206054 47.567 -0.00428124 0.0226334 0.999735 -0.131376
0.803294 0.595483 -0.0108936 83.8557 -0.595572 0.803035 -0.020701 47.2283 -0.00357916 0.0231169 0.999726 -0.129724
0.812355 0.583049 -0.0115412 84.2987 -0.58316 0.812118 -0.0197272 46.9084 -0.00212917 0.0227558 0.999739 -0.12782
0.82326 0.567501 -0.0136086 84.7276 -0.567664 0.823055 -0.0183894 46.6049 0.000764582 0.0228644 0.999738 -0.126033
0.835911 0.548636 -0.0158909 85.1582 -0.548847 0.835772 -0.0158787 46.3173 0.00456957 0.0219949 0.999748 -0.123106
0.849988 0.526511 -0.0175016 85.5942 -0.526745 0.849916 -0.0135477 46.0452 0.00774185 0.0207342 0.999755 -0.117636
0.865676 0.500279 -0.0180322 86.038 -0.500514 0.865642 -0.0122136 45.7956 0.00949926 0.0195984 0.999763 -0.112151
0.882884 0.469302 -0.016482 86.4881 -0.469505 0.88285 -0.0118357 45.5635 0.00899661 0.0181879 0.999794 -0.10743
0.901008 0.433583 -0.0137682 86.9389 -0.433747 0.900946 -0.0126589 45.3529 0.00691577 0.0173777 0.999825 -0.100643
0.919221 0.393622 -0.00968298 87.3918 -0.393723 0.919136 -0.013053 45.1702 0.003762 0.0158111 0.999868 -0.0952182
0.936879 0.349624 -0.00447018 87.8602 -0.349653 0.936795 -0.0125681 45.0126 -0.000206487 0.0133378 0.999911 -0.0898185
0.953505 0.301376 -0.000200724 88.3326 -0.30136 0.953446 -0.0111043 44.8846 -0.00315521 0.0106485 0.999938 -0.0862971
0.968649 0.248424 0.00235829 88.8105 -0.248391 0.968612 -0.00962403 44.7836 -0.00467511 0.00873652 0.999951 -0.0874086
0.98168 0.190527 0.00172284 89.2836 -0.190494 0.981618 -0.0117465 44.7128 -0.0039292 0.0112031 0.99993 -0.0885172
0.991823 0.127609 -0.00165173 89.7462 -0.12762 0.991724 -0.0140228 44.6679 -0.00015137 0.0141189 0.9999 -0.0868565
0.998118 0.0609865 -0.00648001 90.2248 -0.0610886 0.997989 -0.016927 44.6466 0.00543466 0.017291 0.999836 -0.0814501
0.999903 -0.00760653 -0.0116886 90.6831 0.0073996 0.999817 -0.0176458 44.6642 0.0118207 0.0175576 0.999776 -0.0748072
0.996902 -0.0772363 -0.0148776 91.1526 0.0769957 0.996901 -0.0161137 44.7072 0.0160761 0.0149182 0.999759 -0.0693813
0.988988 -0.146967 -0.017413 91.612 0.146692 0.98905 -0.0161633 44.7744 0.0195978 0.013431 0.999718 -0.0616923
0.976262 -0.215768 -0.0188908 92.0432 0.215449 0.976357 -0.0175663 44.8743 0.0222344 0.0130793 0.999667 -0.050117
0.959026 -0.282795 -0.0172281 92.4498 0.282471 0.959087 -0.0190542 45.0075 0.0219117 0.0134071 0.99967 -0.033574
0.937318 -0.34828 -0.0116864 92.8793 0.348052 0.937304 -0.017907 45.1607 0.0171904 0.0127171 0.999771 -0.0157851
0.911634 -0.410964 -0.00571015 93.2929 0.410827 0.911562 -0.0166007 45.3482 0.0120274 0.0127879 0.999846 -3.67017e-05
0.882935 -0.469494 -0.0013073 93.6702 0.469428 0.882851 -0.014539 45.5572 0.00798015 0.0122233 0.999893 0.0145769
0.852738 -0.522328 0.00337097 94.0371 0.522327 0.852657 -0.0122653 45.7864 0.00353225 0.0122199 0.999919 0.0333276
0.822514 -0.568716 0.0058114 94.4065 0.568745 0.82246 -0.00944186 46.0465 0.000590089 0.0110713 0.999939 0.0504252
0.794009 -0.60788 0.00561938 94.7612 0.607904 0.793995 -0.00492194 46.3216 -0.00146982 0.00732411 0.999972 0.0616151
0.768155 -0.640255 0.00337769 95.1147 0.640263 0.768153 -0.00225188 46.6197 -0.00115281 0.0038924 0.999992 0.0643235
0.744424 -0.667707 0.000507189 95.4621 0.667707 0.744423 -0.00152079 46.9268 0.000637878 0.00147077 0.999999 0.0587102
0.724683 -0.689079 0.00219511 95.806 0.689079 0.724667 -0.00522835 47.2355 0.00201203 0.0053015 0.999984 0.0573952
0.71027 -0.703907 0.00555876 96.1475 0.703925 0.710216 -0.00909824 47.5615 0.0024564 0.0103752 0.999943 0.0630528
0.699504 -0.714602 0.00613981 96.4902 0.714623 0.699437 -0.0101214 47.9003 0.00293835 0.0114676 0.99993 0.0682225
0.690894 -0.722948 0.00344454 96.8301 0.722946 0.690853 -0.00841803 48.2524 0.00370613 0.00830619 0.999959 0.0698456
0.684762 -0.728767 -0.000447772 97.1757 0.728755 0.684754 -0.00530003 48.6186 0.0041691 0.00330294 0.999986 0.0699453
0.681286 -0.731989 -0.00652365 97.5279 0.731987 0.681312 -0.00316047 48.9966 0.00675807 -0.00262204 0.999974 0.0687124
0.679862 -0.733259 -0.0109234 97.8854 0.733275 0.679924 -0.00322397 49.3802 0.00979113 -0.00581804 0.999935 0.0718762
0.680505 -0.732648 -0.0118401 98.2578 0.732647 0.680589 -0.00522226 49.7697 0.0118843 -0.00512084 0.999916 0.0791744
0.683187 -0.730133 -0.0126547 98.6447 0.730058 0.683302 -0.0106978 50.1726 0.0164578 -0.00193005 0.999863 0.0812753
0.686437 -0.727049 -0.0142979 99.0363 0.726843 0.686584 -0.017356 50.5768 0.0224354 0.00152142 0.999747 0.0838214
0.689978 -0.72364 -0.0166116 99.4381 0.723414 0.690178 -0.0180856 50.9955 0.0245524 0.000461582 0.999698 0.0953772
0.694138 -0.719624 -0.0177075 99.8514 0.71951 0.694355 -0.0132825 51.4267 0.0218538 -0.00352083 0.999755 0.112192
0.698373 -0.715571 -0.0152514 100.276 0.715523 0.698526 -0.0094073 51.8588 0.0173851 -0.0043429 0.999839 0.135679
0.702008 -0.712109 -0.00923545 100.72 0.712076 0.702067 -0.00709275 52.3002 0.0115347 -0.00159717 0.999932 0.155599
0.705108 -0.709095 -0.0026461 101.17 0.70908 0.705111 -0.00497179 52.7429 0.00539127 0.00162935 0.999984 0.17392
0.707948 -0.706262 0.00189637 101.628 0.706263 0.707941 -0.0035149 53.1986 0.00113992 0.00382771 0.999992 0.184641
0.709807 -0.704377 0.00521879 102.1 0.704395 0.709774 -0.00696567 53.6583 0.0012023 0.00862037 0.999962 0.191736
0.710256 -0.703922 0.00555212 102.581 0.703928 0.710164 -0.0123541 54.1244 0.00475341 0.0126829 0.999908 0.19653
0.710223 -0.703975 0.00190574 103.073 0.703883 0.710081 -0.0182762 54.6001 0.0115127 0.0143216 0.999831 0.199802
0.709382 -0.704818 -0.00276651 103.571 0.704631 0.709275 -0.0206008 55.092 0.0164821 0.0126645 0.999784 0.204959
0.707746 -0.70646 -0.00307803 104.079 0.706273 0.707647 -0.0203727 55.5903 0.0165707 0.0122448 0.999788 0.21402
0.706329 -0.707882 0.00180187 104.594 0.707804 0.706208 -0.0168751 56.0973 0.0106731 0.0131948 0.999856 0.231198
0.704798 -0.709365 0.00777494 105.118 0.709404 0.704715 -0.0110548 56.6163 0.00236276 0.013307 0.999909 0.248199
0.703241 -0.710901 0.00845455 105.64 0.710951 0.703208 -0.00686695 57.1426 -0.00106359 0.0108399 0.999941 0.260954
0.70201 -0.712154 0.00431912 106.173 0.712167 0.701997 -0.00428973 57.6889 2.29391e-05 0.00608737 0.999981 0.26448
0.700002 -0.714141 -0.000634913 106.707 0.714126 0.699993 -0.00592974 58.2348 0.0046791 0.00369742 0.999982 0.266363
0.697112 -0.716953 -0.00365066 107.254 0.716909 0.697113 -0.00864763 58.7942 0.00874487 0.00341118 0.999956 0.268121
0.694506 -0.71948 -0.00314157 107.803 0.719424 0.694496 -0.0102734 59.3584 0.00957334 0.00487484 0.999942 0.278824
0.69175 -0.722137 -8.88494e-05 108.363 0.722097 0.691714 -0.0103364 59.9422 0.00752576 0.00708606 0.999947 0.292548
0.689733 -0.724059 0.00275896 108.924 0.724049 0.689688 -0.0091128 60.5282 0.00469538 0.00828302 0.999955 0.307699
0.688476 -0.725235 0.00593889 109.491 0.725257 0.688433 -0.00789845 61.125 0.0016397 0.00974511 0.999951 0.319252
0.687724 -0.725907 0.00967315 110.066 0.725972 0.687673 -0.00842327 61.7321 -0.000537455 0.0128153 0.999918 0.327847
0.687413 -0.726163 0.012311 110.642 0.726262 0.687371 -0.0079891 62.3361 -0.00266085 0.0144328 0.999892 0.33574
0.687374 -0.726224 0.0107235 111.221 0.726296 0.687359 -0.00557852 62.9539 -0.00331966 0.011623 0.999927 0.340158
0.687789 -0.725897 0.00447876 111.794 0.72591 0.687782 -0.00321079 63.5704 -0.000749709 0.00545952 0.999985 0.341303
0.688317 -0.725408 -0.00182484 112.373 0.725409 0.688318 -0.000361918 64.2016 0.00151861 -0.00107464 0.999998 0.342005
0.689539 -0.7242 -0.00838268 112.953 0.724245 0.689523 0.00517492 64.8291 0.00203237 -0.00963943 0.999951 0.344939
0.691876 -0.721923 -0.0115978 113.537 0.722017 0.691789 0.0109677 65.463 0.000105396 -0.0159621 0.999873 0.352031
0.693971 -0.719889 -0.0128271 114.129 0.720002 0.693837 0.0136608 66.096 -0.000934336 -0.0187157 0.999824 0.358375
0.695732 -0.718141 -0.0152081 114.719 0.718301 0.695603 0.0134128 66.7243 0.000946522 -0.0202557 0.999794 0.360027
0.697227 -0.716742 -0.0124365 115.319 0.716848 0.697164 0.00953825 67.3537 0.00183383 -0.0155654 0.999877 0.366161
0.69773 -0.71631 -0.00853977 115.916 0.716359 0.697705 0.00617666 67.9748 0.00153383 -0.0104272 0.999944 0.377037
0.698681 -0.715415 -0.00512105 116.516 0.715431 0.698679 0.00240582 68.6008 0.00185681 -0.00534466 0.999984 0.389253
0.699514 -0.714602 -0.00495462 117.109 0.714618 0.699506 0.00352509 69.2229 0.000946748 -0.00600651 0.999982 0.398918
0.700431 -0.713701 -0.00520563 117.703 0.713715 0.700382 0.0087253 69.8471 -0.00258132 -0.00982681 0.999948 0.405467
0.701349 -0.712808 -0.00381906 118.295 0.712766 0.701224 0.0157842 70.4728 -0.00857311 -0.0137924 0.999868 0.412323
0.702 -0.712154 -0.0056952 118.887 0.712122 0.701826 0.0179588 71.0943 -0.00879241 -0.0166628 0.999822 0.412572
0.702765 -0.711349 -0.0102073 119.478 0.711422 0.702708 0.00891419 71.7093 0.000831631 -0.0135262 0.999908 0.404765
0.702561 -0.711482 -0.0141665 120.067 0.711481 0.70268 -0.00601307 72.3077 0.0142327 -0.00585463 0.999882 0.402226
0.70195 -0.712098 -0.0135014 120.663 0.712047 0.702073 -0.00913889 72.9191 0.0159867 -0.00319857 0.999867 0.410336
0.701483 -0.712677 -0.00349091 121.251 0.712681 0.701488 -0.000324404 73.5216 0.00268003 -0.00226034 0.999994 0.434795
0.700407 -0.713649 0.0116379 121.848 0.71353 0.700503 0.0130882 74.131 -0.0174928 -0.00086309 0.999847 0.460388
0.699505 -0.714464 0.0153002 122.432 0.7142 0.699667 0.0195849 74.7354 -0.0246977 -0.0027723 0.999691 0.462377
0.698969 -0.715129 0.00575305 123.006 0.715011 0.698968 0.0142148 75.3352 -0.0141866 -0.00582224 0.999882 0.441101
0.697911 -0.716169 -0.00471398 123.583 0.716183 0.697881 0.00669761 75.9381 -0.00150682 -0.00805041 0.999966 0.416855
0.696859 -0.717175 -0.00688946 124.159 0.717195 0.696873 0.000548958 76.5343 0.00440738 -0.00532363 0.999976 0.411646
0.69516 -0.718842 -0.00443939 124.741 0.71885 0.695165 0.00034543 77.1391 0.0028378 -0.00343139 0.99999 0.421828
0.692973 -0.720952 -0.00399439 125.308 0.720958 0.692979 2.00667e-05 77.7331 0.00275356 -0.00289369 0.999992 0.42775
0.689816 -0.72397 -0.00455447 125.882 0.723973 0.689827 -0.00136569 78.3363 0.00413051 -0.00235524 0.999989 0.430214
0.686805 -0.72681 -0.00673278 126.439 0.726823 0.686825 -0.000868886 78.9322 0.00525576 -0.00429678 0.999977 0.438202
0.684756 -0.728683 -0.0113844 126.994 0.728753 0.684769 0.00334094 79.5428 0.00536121 -0.0105841 0.99993 0.443333
0.683329 -0.729979 -0.0138591 127.545 0.730096 0.683313 0.0065983 80.1486 0.00465345 -0.0146273 0.999882 0.45108
0.682041 -0.731213 -0.0121901 128.099 0.731313 0.681971 0.00982825 80.7527 0.00112676 -0.0156181 0.999877 0.458703
0.681103 -0.732132 -0.00902412 128.65 0.732185 0.681011 0.0113649 81.3548 -0.00217511 -0.014348 0.999895 0.46559
0.679662 -0.733479 -0.00823908 129.197 0.733525 0.679602 0.00908703 81.9514 -0.00106585 -0.0122197 0.999925 0.466623
0.677179 -0.735781 -0.00739232 129.744 0.735816 0.677166 0.00452982 82.5535 0.00167287 -0.00850689 0.999962 0.468448
0.673154 -0.739481 -0.00566574 130.287 0.739486 0.67317 -0.00145631 83.1479 0.00489092 -0.00320941 0.999983 0.467765
0.668135 -0.744033 -0.00321246 130.828 0.744032 0.668142 -0.00156105 83.7539 0.00330785 -0.00134718 0.999994 0.470835
0.663271 -0.748377 0.00178666 131.358 0.748371 0.663274 0.00288174 84.3533 -0.00334168 -0.000574292 0.999994 0.477018
0.659265 -0.751847 0.00975751 131.893 0.751807 0.659334 0.00802107 84.9625 -0.0124641 0.00204776 0.99992 0.483122
0.655709 -0.754927 0.011478 132.417 0.754767 0.655807 0.0156069 85.5658 -0.0193094 -0.00157034 0.999812 0.479188
0.652588 -0.757663 0.00869756 132.942 0.75747 0.652626 0.0178214 86.1798 -0.0191789 -0.00504189 0.999803 0.463943
0.648163 -0.761494 0.00342085 133.46 0.761406 0.648146 0.012958 86.7892 -0.0120846 -0.00579422 0.99991 0.445278
0.64283 -0.766009 4.28006e-05 133.979 0.766001 0.642823 0.0046106 87.4049 -0.00355927 -0.00293104 0.999989 0.427444
0.637816 -0.770189 2.67893e-05 134.493 0.770189 0.637816 -0.000220585 88.0283 0.000152806 0.000161326 1 0.4178
0.632019 -0.774952 -0.000771628 135.006 0.77495 0.632014 0.00336144 88.6668 -0.00211728 -0.00272247 0.999994 0.416845
0.62603 -0.779783 -0.00498152 135.509 0.779792 0.625983 0.0084279 89.3051 -0.00345359 -0.00916066 0.999952 0.411936
0.61889 -0.785405 -0.0106835 136.014 0.785478 0.618832 0.00845086 89.9528 -2.60301e-05 -0.0136218 0.999907 0.402995
0.61139 -0.791209 -0.0137873 136.515 0.791316 0.611386 0.00499713 90.5992 0.00447557 -0.0139653 0.999892 0.394814
0.604537 -0.796461 -0.0136011 137.015 0.796561 0.604545 0.00399282 91.2562 0.00504236 -0.0132479 0.9999 0.393091
0.598053 -0.801356 -0.012711 137.504 0.801456 0.597991 0.00866907 91.9168 0.000654027 -0.0153718 0.999882 0.395368
0.591667 -0.8061 -0.0115348 137.986 0.806159 0.59148 0.0160988 92.5848 -0.00615462 -0.018824 0.999804 0.39699
0.584958 -0.810997 -0.0104062 138.464 0.810994 0.584692 0.0205725 93.2549 -0.0105998 -0.0204734 0.999734 0.392919
0.579209 -0.815131 -0.00885408 138.938 0.815064 0.578911 0.0230613 93.9288 -0.0136722 -0.0205739 0.999695 0.385787
0.57463 -0.818366 -0.00881216 139.407 0.81829 0.574324 0.023506 94.6065 -0.0141755 -0.0207182 0.999685 0.371903
0.570971 -0.820886 -0.0117626 139.873 0.820898 0.570673 0.0213965 95.2925 -0.0108515 -0.0218727 0.999702 0.356467
0.567292 -0.823295 -0.019104 140.333 0.823499 0.566971 0.0198431 95.9785 -0.00550531 -0.026989 0.999621 0.341094
0.564434 -0.825093 -0.0252064 140.788 0.825478 0.564168 0.0173273 96.6665 -7.60381e-05 -0.0305874 0.999532 0.327873
0.561855 -0.826841 -0.0255548 141.24 0.827235 0.561547 0.0186384 97.3567 -0.00106075 -0.0316119 0.9995 0.322098
0.559677 -0.828368 -0.0238376 141.694 0.82867 0.559133 0.0260113 98.0555 -0.00821854 -0.0343114 0.999377 0.321438
0.557854 -0.829696 -0.0200669 142.143 0.829746 0.55704 0.0350392 98.7518 -0.0178938 -0.0361972 0.999184 0.323124
0.554345 -0.832092 -0.018024 142.589 0.832001 0.553456 0.0382255 99.4445 -0.0218316 -0.0361861 0.999107 0.315223
0.55037 -0.834792 -0.014693 143.035 0.83477 0.549851 0.0286876 100.132 -0.0158693 -0.0280541 0.99948 0.30121
0.545071 -0.838314 -0.011276 143.484 0.838356 0.544879 0.0163122 100.821 -0.00753068 -0.0183446 0.999803 0.28385
0.539184 -0.842089 -0.0129375 143.926 0.842177 0.539037 0.0132728 101.522 -0.00420306 -0.0180521 0.999828 0.271751
0.53315 -0.845941 -0.0115945 144.355 0.845987 0.532955 0.0162992 102.218 -0.00760884 -0.0184987 0.9998 0.269412
0.526634 -0.850078 -0.00497773 144.794 0.849997 0.526479 0.018018 102.932 -0.0126961 -0.01372 0.999825 0.271979
0.52081 -0.853669 0.00267091 145.228 0.85352 0.520774 0.0172554 103.636 -0.0161213 -0.00670709 0.999848 0.26575
0.515852 -0.856614 0.0104491 145.66 0.856479 0.515957 0.0152139 104.353 -0.0184237 0.00110136 0.99983 0.258949
0.510495 -0.859776 0.0134241 146.088 0.859735 0.510634 0.0104086 105.067 -0.0158038 0.00622763 0.999856 0.252731
0.504876 -0.863081 0.0137954 146.511 0.863157 0.504934 0.000857846 105.783 -0.00770618 0.0114745 0.999904 0.245639
0.49906 -0.86634 0.0198627 146.949 0.866566 0.498889 -0.0131369 106.504 0.00147175 0.0237684 0.999716 0.233788
0.492926 -0.86976 0.0232788 147.373 0.870069 0.49269 -0.0153658 107.216 0.00189529 0.0278284 0.999611 0.227689
0.48745 -0.872856 0.0226686 147.786 0.873121 0.487484 -0.00439166 107.947 -0.0072173 0.0219332 0.999733 0.225852
0.482635 -0.875569 0.0210142 148.196 0.875636 0.482888 0.00896714 108.678 -0.0179989 0.014073 0.999739 0.231042
0.478409 -0.877924 0.0193461 148.602 0.877865 0.478693 0.014354 109.416 -0.0218625 0.0101162 0.99971 0.224614
0.476167 -0.879186 0.0172275 149.007 0.879221 0.476345 0.00815029 110.153 -0.0153718 0.0112659 0.999818 0.208465
0.474048 -0.880478 0.00604268 149.402 0.880485 0.474068 0.0022681 110.895 -0.00486165 0.0042453 0.999979 0.19132
0.472202 -0.881487 -0.00257956 149.801 0.881488 0.472206 -0.00116603 111.639 0.00224592 -0.00172325 0.999996 0.180852
0.470246 -0.882535 -9.63916e-05 150.199 0.882531 0.470245 -0.00291973 112.377 0.00262209 0.00128792 0.999996 0.182146
0.468902 -0.883235 0.00517602 150.608 0.883244 0.468913 0.00119649 113.129 -0.00348389 0.00401065 0.999986 0.186831
0.469055 -0.883135 0.00770209 151.012 0.883106 0.469108 0.00786302 113.886 -0.0105572 0.00311357 0.999939 0.183997
0.468473 -0.883437 0.00844621 151.412 0.883367 0.468544 0.0113233 114.643 -0.0139609 0.00215643 0.9999 0.179866
0.467191 -0.884128 0.0070831 151.815 0.884092 0.467238 0.00838979 115.402 -0.0107271 0.00234248 0.99994 0.170909
0.465756 -0.884878 0.00783466 152.22 0.884913 0.465741 -0.00376234 116.153 -0.000319706 0.00868532 0.999962 0.16422
0.463983 -0.885751 0.0128715 152.63 0.885803 0.463772 -0.0163765 116.908 0.00853607 0.0190001 0.999783 0.162694
0.462755 -0.886336 0.0163509 153.027 0.886433 0.462445 -0.0195217 117.654 0.00974135 0.0235277 0.999676 0.172563
0.461707 -0.886862 0.0173839 153.427 0.887029 0.461559 -0.0119673 118.414 0.0025896 0.0209454 0.999777 0.182963
0.460238 -0.88763 0.017149 153.821 0.88778 0.46026 -0.00288573 119.171 -0.00533152 0.0165526 0.999849 0.195985
0.459426 -0.888036 0.0178911 154.22 0.88819 0.459474 -0.00158923 119.931 -0.00680918 0.0166208 0.999839 0.2012
0.459072 -0.888255 0.0159749 154.615 0.888397 0.459038 -0.0059603 120.683 -0.00203884 0.0169283 0.999855 0.197632
0.459371 -0.888178 0.0108778 155 0.888242 0.459306 -0.00801605 121.438 0.00212346 0.0133444 0.999909 0.19727
0.459121 -0.888346 0.00694643 155.385 0.888373 0.459099 -0.0045806 122.189 0.000880061 0.00827408 0.999965 0.201579
0.4588 -0.888526 0.00491174 155.762 0.888537 0.458805 -0.00029983 122.924 -0.00198712 0.00450182 0.999988 0.203231
0.458347 -0.888768 0.00312202 156.147 0.888758 0.458357 0.0042699 123.671 -0.00522595 0.000817624 0.999986 0.206397
0.458113 -0.888894 0.000157236 156.52 0.888868 0.458101 0.00758111 124.406 -0.00681083 -0.00333324 0.999971 0.209668
0.457825 -0.889042 -0.000818867 156.896 0.889024 0.45781 0.00677614 125.148 -0.00564938 -0.00383028 0.999977 0.211313
0.4572 -0.889356 -0.00356991 157.263 0.889363 0.457191 0.00315944 125.876 -0.00117774 -0.00461944 0.999989 0.217192
0.456432 -0.889734 -0.00659003 157.629 0.889755 0.456438 0.000648898 126.606 0.00243059 -0.00615969 0.999978 0.219023
0.455015 -0.890459 -0.00660033 157.991 0.890483 0.45499 0.00496495 127.327 -0.001418 -0.0081366 0.999966 0.214584
