0.505768 -0.861374 0.047255 -3.1866 0.862394 0.506231 -0.00246873 -6.0951 -0.0217955 0.0420011 0.99888 -0.00712324
0.50403 -0.862447 0.0462425 -2.78824 0.863441 0.50444 -0.00319915 -5.33315 -0.0205675 0.0415402 0.998925 -0.00623236
0.50229 -0.863515 0.0452332 -2.38989 0.864483 0.502647 -0.00393374 -4.5712 -0.0193395 0.0410792 0.998969 -0.0053416
0.500547 -0.864579 0.0442272 -1.99162 0.86552 0.500853 -0.00467234 -3.80943 -0.0181117 0.0406182 0.999011 -0.00445115
0.4988 -0.865638 0.0432241 -1.59325 0.866552 0.499057 -0.00541528 -3.04746 -0.0168836 0.0401571 0.999051 -0.00356059
0.497051 -0.866693 0.0422242 -1.1949 0.86758 0.49726 -0.00616232 -2.28553 -0.0156555 0.0396958 0.999089 -0.00267019
0.4953 -0.867743 0.0412276 -0.796636 0.868602 0.495462 -0.00691335 -1.52375 -0.0144277 0.0392346 0.999126 -0.00178009
0.493545 -0.868789 0.0402342 -0.398352 0.86962 0.493662 -0.00766852 -0.761942 -0.0131998 0.0387732 0.999161 -0.000890061
0.491788 -0.86983 0.0392438 2.84229e-07 0.870633 0.491861 -0.00842794 -2.36828e-06 -0.0119716 0.0383117 0.999194 -1.34823e-10
0.490027 -0.870868 0.0382564 0.398454 0.871641 0.490058 -0.00919164 0.762132 -0.0107432 0.03785 0.999226 0.000890173
0.488263 -0.8719 0.0372724 0.796821 0.872644 0.488254 -0.00995926 1.5241 -0.00951496 0.0373883 0.999256 0.00178004
0.486498 -0.872928 0.036292 1.19509 0.873643 0.48645 -0.0107308 2.28587 -0.00828704 0.0369267 0.999284 0.00266956
0.484729 -0.873951 0.0353145 1.59345 0.874636 0.484644 -0.0115065 3.04783 -0.00705883 0.0364649 0.99931 0.00355917
0.482957 -0.87497 0.0343403 1.9918 0.875625 0.482836 -0.0122863 3.80978 -0.0058306 0.0360029 0.999335 0.00444866
0.4813 -0.875845 0.0353002 2.38789 0.876538 0.48116 -0.012919 4.56869 -0.00566999 0.0371598 0.999293 0.00562177
0.479412 -0.876988 0.0324939 2.78823 0.877583 0.479224 -0.0138503 5.3332 -0.00342531 0.0351561 0.999376 0.00624039
0.47801 -0.877826 0.0304522 3.19036 0.878354 0.477752 -0.0157254 6.10644 -0.000744442 0.0342647 0.999413 0.00680154
0.476287 -0.878894 0.0263733 3.59438 0.879289 0.476032 -0.0156532 6.89001 0.00120303 0.0306452 0.99953 0.00847579
0.475046 -0.879597 0.0252929 4.0031 0.87996 0.474815 -0.0148666 7.68119 0.00106723 0.0293191 0.99957 0.0124159
0.473607 -0.880342 0.0263303 4.41427 0.880736 0.473414 -0.0135433 8.47995 -0.000542355 0.0296042 0.999562 0.0191541
0.47224 -0.88106 0.0268911 4.83149 0.881468 0.472087 -0.0121914 9.28285 -0.00195355 0.0294609 0.999564 0.0242159
0.471182 -0.881605 0.0275675 5.24771 0.882033 0.471037 -0.0119259 10.0932 -0.00247142 0.0299347 0.999549 0.0271434
0.469681 -0.882419 0.0271547 5.66867 0.882834 0.46952 -0.0124222 10.9057 -0.0017881 0.0298076 0.999554 0.0287152
0.468737 -0.882895 0.0279664 6.08929 0.883337 0.468524 -0.0141462 11.7228 -0.000613313 0.0313346 0.999509 0.0307405
0.467989 -0.883258 0.0290008 6.51472 0.883732 0.467809 -0.0131309 12.5452 -0.00196888 0.031774 0.999493 0.0340803
0.467858 -0.883311 0.0295124 6.94021 0.883784 0.467808 -0.00899992 13.3741 -0.00585642 0.0302933 0.999524 0.0415355
0.468419 -0.882975 0.030625 7.36827 0.883454 0.468487 -0.00537869 14.2062 -0.00959815 0.0295753 0.999516 0.0497318
0.469597 -0.882273 0.0327695 7.80019 0.882795 0.469745 -0.00349201 15.0427 -0.0123124 0.0305686 0.999457 0.0528415
0.470832 -0.881587 0.0334927 8.2348 0.88212 0.471018 -0.00261426 15.8828 -0.013471 0.0307754 0.999436 0.050287
0.471952 -0.881038 0.0321392 8.67264 0.881553 0.472064 -0.00449097 16.7266 -0.011215 0.0304519 0.999473 0.0435288
0.472921 -0.880637 0.0287173 9.11435 0.881083 0.472885 -0.00847845 17.5764 -0.00611354 0.029312 0.999552 0.0355553
0.47407 -0.880062 0.027376 9.55932 0.880484 0.473928 -0.0118723 18.43 -0.00252595 0.0297324 0.999555 0.0308325
0.474742 -0.879618 0.0298794 10.0083 0.880118 0.474597 -0.0122209 19.2881 -0.00343097 0.0320992 0.999479 0.0332579
0.474445 -0.879633 0.0338753 10.4604 0.880247 0.474432 -0.00892333 20.1496 -0.00822228 0.0340522 0.999386 0.0378203
0.473572 -0.879903 0.0387328 10.9139 0.880669 0.473683 -0.00686079 21.0149 -0.0123102 0.0373598 0.999226 0.041649
0.472711 -0.880045 0.0454451 11.3725 0.881133 0.472752 -0.01052 21.8801 -0.0122262 0.0450161 0.998911 0.0389157
0.471465 -0.880678 0.0461235 11.8303 0.881846 0.471289 -0.0153004 22.75 -0.00826272 0.0478874 0.998819 0.0292429
0.470254 -0.881462 0.0434302 12.2865 0.882523 0.469893 -0.0188114 23.6262 -0.003826 0.0471743 0.998879 0.0221592
0.468604 -0.882402 0.0421407 12.7513 0.883405 0.46819 -0.0198371 24.5237 -0.00222553 0.0465231 0.998915 0.0302182
0.46759 -0.882887 0.043253 13.2342 0.883935 0.467264 -0.0179786 25.4631 -0.0043375 0.0466395 0.998902 0.0653099
0.466553 -0.883494 0.0420298 13.7094 0.884463 0.466407 -0.0138087 26.3919 -0.00740303 0.0436163 0.999021 0.0923827
0.465384 -0.884098 0.0422959 14.1846 0.885069 0.465287 -0.0127026 27.3214 -0.00844939 0.0433464 0.999024 0.116933
0.464402 -0.884595 0.042702 14.6556 0.885561 0.464406 -0.0104168 28.2412 -0.0106164 0.0426528 0.999034 0.133097
0.464184 -0.884591 0.0450819 15.1252 0.885621 0.46435 -0.00735892 29.1641 -0.0144241 0.0433414 0.998956 0.150744
0.463685 -0.885056 0.0408852 15.585 0.885854 0.463954 -0.00323697 30.0781 -0.0161039 0.0377192 0.999159 0.15426
0.463704 -0.885073 0.0403094 16.0446 0.885836 0.463992 -0.00246925 30.9934 -0.0165178 0.0368525 0.999184 0.157933
0.463631 -0.885135 0.0397718 16.5023 0.885904 0.463851 -0.0040616 31.8984 -0.0148531 0.0371171 0.999201 0.154764
0.463889 -0.885146 0.0363896 16.955 0.885811 0.464015 -0.00539598 32.8013 -0.0121091 0.0347374 0.999323 0.154464
0.463109 -0.88556 0.0362369 17.409 0.886223 0.463225 -0.00565647 33.6952 -0.0117767 0.0347336 0.999327 0.160984
0.461903 -0.886082 0.0387821 17.8635 0.886831 0.462063 -0.0052639 34.5865 -0.0132555 0.0368246 0.999234 0.167243
0.461102 -0.886486 0.0390765 18.3122 0.887234 0.4613 -0.00431822 35.4761 -0.014198 0.0366612 0.999227 0.174644
0.460884 -0.886741 0.0357231 18.7545 0.887375 0.461023 -0.00475015 36.3617 -0.012257 0.0338891 0.99935 0.177134
0.460389 -0.887115 0.0326885 19.194 0.887689 0.460354 -0.00902206 37.2429 -0.00704468 0.0331709 0.999425 0.175196
0.459984 -0.887359 0.0317441 19.6361 0.887908 0.459917 -0.00983075 38.1219 -0.00587621 0.0327078 0.999448 0.176069
0.459626 -0.887479 0.0335539 20.0786 0.888067 0.459655 -0.00729266 38.9981 -0.00895114 0.03315 0.99941 0.187968
0.459279 -0.887502 0.0374453 20.5176 0.888211 0.459398 -0.00588175 39.8695 -0.0119822 0.0359607 0.999281 0.195393
0.459 -0.887574 0.0391312 20.9548 0.888341 0.45915 -0.00559573 40.7379 -0.0130005 0.0373303 0.999218 0.199201
0.458896 -0.887525 0.0413899 21.3895 0.888406 0.458995 -0.00764314 41.5997 -0.0122143 0.0402784 0.999114 0.19899
0.458485 -0.887635 0.0435363 21.8288 0.88864 0.45848 -0.0106933 42.4611 -0.0104688 0.0435908 0.998995 0.197307
0.457433 -0.888091 0.0452808 22.2623 0.889175 0.457441 -0.0107884 43.317 -0.0111322 0.0451975 0.998916 0.19739
0.45633 -0.888413 0.0498614 22.6966 0.889678 0.456511 -0.00834754 44.1744 -0.0153462 0.0481698 0.998721 0.198558
0.455636 -0.88852 0.0541004 23.1245 0.889924 0.456087 -0.00441865 45.0328 -0.0207484 0.0501585 0.998526 0.195761
0.455064 -0.888818 0.0540281 23.5463 0.890161 0.455643 -0.00178296 45.8868 -0.0230328 0.0489051 0.998538 0.188882
0.453821 -0.889603 0.0515073 23.9689 0.890855 0.454276 -0.00318107 46.7316 -0.0205686 0.0473292 0.998668 0.179849
0.452778 -0.890415 0.046394 24.3896 0.891536 0.452849 -0.0095772 47.5641 -0.0124818 0.0456982 0.998877 0.16601
0.451992 -0.890996 0.0427628 24.8059 0.891999 0.451805 -0.0144909 48.3872 -0.0064091 0.0446942 0.99898 0.159009
0.450798 -0.89179 0.0386122 25.2105 0.892597 0.450708 -0.0115069 49.2051 -0.00714108 0.0396525 0.999188 0.160399
0.449909 -0.892308 0.0369821 25.6109 0.89302 0.449954 -0.00757147 50.0102 -0.00988415 0.0364322 0.999287 0.169447
0.448625 -0.89302 0.0353688 26.0037 0.893643 0.448755 -0.00463318 50.8033 -0.0117344 0.0336856 0.999364 0.178033
0.447541 -0.893584 0.0348451 26.3902 0.894198 0.447641 -0.00533182 51.5845 -0.0108336 0.0335446 0.999379 0.179824
0.446064 -0.894356 0.033989 26.7685 0.894926 0.446196 -0.00401883 52.3542 -0.0115715 0.0322103 0.999414 0.182641
0.444696 -0.895067 0.0331795 27.1405 0.895599 0.444854 -0.00287097 53.1122 -0.0121903 0.0309922 0.999445 0.187494
0.443228 -0.895772 0.0337748 27.5067 0.896313 0.443417 -0.00207111 53.8585 -0.0131211 0.0311908 0.999427 0.1919
0.441902 -0.896397 0.0345638 27.8673 0.896958 0.442113 -0.0016899 54.5946 -0.0137663 0.031749 0.999401 0.193871
0.44058 -0.897082 0.0336732 28.219 0.897571 0.440868 0.00127942 55.318 -0.0159932 0.0296604 0.999432 0.196632
0.439396 -0.89764 0.0342537 28.5643 0.89806 0.439831 0.00600592 56.0333 -0.020457 0.0281229 0.999395 0.199783
0.437661 -0.898531 0.03308 28.9072 0.89886 0.438147 0.00885417 56.7314 -0.0224497 0.0258592 0.999413 0.204163
0.436327 -0.89933 0.0287204 29.2349 0.899585 0.436684 0.007298 57.415 -0.0191051 0.0226522 0.999561 0.204305
0.435348 -0.899932 0.0243851 29.5548 0.900185 0.435505 0.00127426 58.0822 -0.0117666 0.0213963 0.999702 0.202111
0.434087 -0.90059 0.0224922 29.8644 0.90085 0.434111 -0.00406896 58.7316 -0.00609966 0.0220284 0.999739 0.198899
0.433672 -0.900832 0.0207512 30.1642 0.901063 0.433648 -0.00590904 59.3654 -0.00367565 0.0212607 0.999767 0.202165
0.432944 -0.901195 0.0201932 30.4527 0.901395 0.432992 -0.00217179 59.9788 -0.00678628 0.0191423 0.999794 0.215843
0.431738 -0.901758 0.0208233 30.7343 0.901943 0.431853 0.00111441 60.5716 -0.00999753 0.0183003 0.999783 0.235613
0.430595 -0.902276 0.0220357 31.0093 0.902515 0.430651 -0.00240821 61.146 -0.00731683 0.0209245 0.999754 0.246167
0.430597 -0.902151 0.026657 31.2785 0.902541 0.43049 -0.00993665 61.7034 -0.0025112 0.0283377 0.999595 0.254044
0.431503 -0.901682 0.0278378 31.5377 0.902107 0.43119 -0.016711 62.2456 0.00306468 0.0323235 0.999473 0.263063
0.434042 -0.90051 0.0262512 31.7873 0.900884 0.433728 -0.0169622 62.776 0.00388878 0.0310116 0.999511 0.274268
0.43742 -0.898974 0.0225898 32.0304 0.899257 0.437262 -0.0117853 63.2937 0.000717014 0.0254691 0.999675 0.289195
0.441435 -0.896941 0.0251397 32.2722 0.89729 0.441339 -0.00955768 63.7946 -0.00252244 0.0267767 0.999638 0.302986
0.446007 -0.894495 0.030936 32.5172 0.895005 0.445982 -0.00808396 64.2794 -0.00656583 0.0312934 0.999489 0.319688
0.452902 -0.890809 0.0365961 32.7563 0.891492 0.452993 -0.00625633 64.7532 -0.0110046 0.0354587 0.999311 0.337202
0.462019 -0.886205 0.0343329 32.9891 0.886802 0.462117 -0.00548932 65.215 -0.0110011 0.0329826 0.999395 0.344291
0.47486 -0.879577 0.0291736 33.2123 0.879992 0.474976 -0.00325584 65.6704 -0.010993 0.0272187 0.999569 0.349095
0.490484 -0.871092 0.0249836 33.4381 0.871367 0.490631 -0.000260266 66.1101 -0.012031 0.0218975 0.999688 0.35342
0.508891 -0.86044 0.0259272 33.6705 0.860732 0.509058 -0.000198562 66.5311 -0.0130276 0.0224174 0.999664 0.356896
0.530579 -0.847129 0.0292994 33.9083 0.847508 0.530781 -0.00103154 66.9355 -0.0146777 0.0253788 0.99957 0.363321
0.554632 -0.831509 0.0312462 34.1523 0.831923 0.554891 -0.000443713 67.3277 -0.0169693 0.0262405 0.999512 0.368751
0.581097 -0.813195 0.0322636 34.4034 0.813604 0.581419 0.000757841 67.7096 -0.0193749 0.0258094 0.999479 0.372736
0.610439 -0.791392 0.0326171 34.6647 0.791783 0.610801 0.00148516 68.0785 -0.0210979 0.0249191 0.999467 0.373799
0.642231 -0.76583 0.032299 34.9352 0.766193 0.642608 0.00172656 68.4361 -0.0220778 0.0236384 0.999477 0.371759
0.675826 -0.73635 0.0323833 35.2173 0.736696 0.676221 0.00177143 68.7759 -0.0232027 0.0226595 0.999474 0.37143
0.710986 -0.702575 0.029788 35.5105 0.702842 0.711343 0.0020739 69.0959 -0.0226466 0.0194617 0.999554 0.371403
0.747711 -0.663456 0.0274588 35.8154 0.663689 0.748008 0.000832409 69.3975 -0.0210916 0.0176017 0.999623 0.369926
0.78469 -0.619338 0.0261026 36.1313 0.619556 0.784952 -0.000345856 69.6768 -0.0202751 0.0164434 0.999659 0.365161
0.820643 -0.570917 0.0244812 36.4581 0.571107 0.820875 -0.000985702 69.9325 -0.0195332 0.0147903 0.9997 0.357305
0.854941 -0.518225 0.0227732 36.7952 0.518399 0.855136 -0.00209407 70.1646 -0.018389 0.0135959 0.999738 0.348386
0.886612 -0.461975 0.0222992 37.1435 0.462186 0.886768 -0.00517267 70.3692 -0.0173846 0.0148925 0.999738 0.342322
0.914461 -0.404096 0.021615 37.4993 0.404305 0.914603 -0.00620029 70.5492 -0.0172636 0.014409 0.999747 0.340457
0.938331 -0.344985 0.0228233 37.8637 0.345202 0.938507 -0.00626429 70.7052 -0.0192588 0.0137566 0.99972 0.339604
0.958175 -0.285151 0.0242732 38.2393 0.285326 0.958422 -0.00401229 70.8359 -0.0221198 0.0107702 0.999697 0.334773
0.974031 -0.225023 0.0250501 38.6196 0.225188 0.974307 -0.00394299 70.9422 -0.0235192 0.00948157 0.999678 0.327471
0.985928 -0.165402 0.0242551 39.0079 0.165611 0.986167 -0.00685469 71.0188 -0.0227858 0.0107751 0.999682 0.318261
0.993901 -0.10768 0.0237704 39.3958 0.108 0.994071 -0.0125994 71.0715 -0.0222728 0.0150897 0.999638 0.311554
0.998376 -0.0523645 0.0224209 39.7845 0.0526214 0.998554 -0.0110234 71.1032 -0.0218113 0.0121854 0.999688 0.305374
0.999771 0.00180204 0.0213441 40.1773 -0.00166915 0.999979 -0.00624201 71.1183 -0.0213549 0.00620495 0.999753 0.296808
0.998429 0.0524434 0.0197083 40.5715 -0.0523686 0.998619 -0.00429395 71.1115 -0.0199063 0.0032551 0.999797 0.287723
0.994965 0.0985657 0.0181408 40.96 -0.0983953 0.995097 -0.0100617 71.0785 -0.0190436 0.00822604 0.999785 0.280792
0.989871 0.140806 0.0181435 41.3499 -0.140348 0.989801 -0.0244291 71.0214 -0.0213982 0.0216353 0.999537 0.275459
0.983876 0.177845 0.0189788 41.7363 -0.177227 0.9837 -0.0304106 70.951 -0.0240779 0.0265567 0.999357 0.26979
0.977294 0.211247 0.0164557 42.1281 -0.210755 0.977155 -0.0273933 70.8768 -0.0218665 0.0233032 0.999489 0.259792
0.970121 0.242183 0.0145583 42.5218 -0.241961 0.970163 -0.0154413 70.7965 -0.0178635 0.0114574 0.999775 0.252768
0.962633 0.270493 0.0130726 42.9153 -0.270406 0.962713 -0.00807828 70.7 -0.0147702 0.00424153 0.999882 0.251461
0.955315 0.295396 0.0106584 43.3118 -0.295321 0.955364 -0.00806821 70.5823 -0.0125659 0.00456004 0.999911 0.248685
0.947956 0.318329 0.00684981 43.7091 -0.318229 0.947929 -0.0126857 70.4478 -0.0105314 0.00984568 0.999896 0.244315
0.941261 0.337665 -0.0030728 44.1145 -0.337664 0.941094 -0.0180436 70.2941 -0.00320088 0.0180213 0.999832 0.221139
0.934402 0.356032 -0.0115574 44.5276 -0.356186 0.934265 -0.0167189 70.1362 0.00484524 0.0197388 0.999793 0.196984
0.927882 0.37268 -0.0119905 44.952 -0.372823 0.927803 -0.0135582 69.9698 0.00607195 0.0170507 0.999836 0.190025
0.921984 0.387183 -0.00592758 45.385 -0.387227 0.9219 -0.0124414 69.79 0.000647539 0.0137661 0.999905 0.199031
0.916185 0.400748 -0.0025203 45.8216 -0.400744 0.916089 -0.0136445 69.595 -0.00315919 0.0135109 0.999904 0.207515
0.910631 0.413219 -0.00137608 46.2649 -0.413185 0.910503 -0.0162028 69.387 -0.00544237 0.0153233 0.999868 0.212137
0.905617 0.42409 -0.00234409 46.7154 -0.424051 0.905424 -0.0196785 69.1654 -0.00622307 0.0188152 0.999804 0.211773
0.901092 0.433606 -0.00443508 47.1775 -0.433592 0.900837 -0.0221482 68.9319 -0.00560828 0.0218805 0.999745 0.210207
0.897303 0.441373 -0.00612282 47.6512 -0.441387 0.897005 -0.0236368 68.6877 -0.00494042 0.0239119 0.999702 0.208703
0.894591 0.446827 -0.00722525 48.1372 -0.446861 0.894256 -0.0249124 68.4317 -0.00467031 0.0255151 0.999664 0.205857
0.891957 0.452032 -0.0089228 48.6372 -0.452106 0.891597 -0.025588 68.167 -0.00361105 0.0268574 0.999633 0.199836
0.889064 0.457674 -0.00997964 49.1545 -0.457775 0.888708 -0.0252929 67.8915 -0.00270693 0.0270555 0.99963 0.19183
0.886896 0.461835 -0.0111429 49.6875 -0.461961 0.886481 -0.0272543 67.6033 -0.00270898 0.0293193 0.999566 0.187443
0.885234 0.464994 -0.01185 50.2285 -0.465136 0.884772 -0.0287635 67.3002 -0.00289032 0.0309743 0.999516 0.182004
0.883596 0.468094 -0.0120562 50.7873 -0.468238 0.883101 -0.0297759 66.9886 -0.0032911 0.031955 0.999484 0.177633
0.882093 0.470914 -0.0122948 51.3579 -0.471058 0.881545 -0.0313365 66.6631 -0.0039184 0.0334333 0.999433 0.172672
0.88138 0.472193 -0.014235 51.9419 -0.472389 0.880681 -0.0353425 66.3291 -0.00415201 0.0378746 0.999274 0.167917
0.881435 0.472038 -0.0159155 52.5362 -0.472286 0.880587 -0.0388961 65.9832 -0.00434547 0.041801 0.999116 0.161477
0.882211 0.470555 -0.0168012 53.1486 -0.470834 0.881279 -0.0407826 65.6315 -0.00438387 0.0438894 0.999027 0.154859
0.883649 0.467794 -0.018265 53.7767 -0.468134 0.882617 -0.0428715 65.2747 -0.00393407 0.0464338 0.998914 0.148711
0.885382 0.464494 -0.01854 54.4202 -0.464847 0.884308 -0.0437832 64.9101 -0.00394197 0.0473831 0.998869 0.142785
0.887137 0.461166 -0.017711 55.0824 -0.461473 0.885966 -0.0458933 64.5454 -0.00547306 0.0488868 0.998789 0.142096
0.888927 0.457754 -0.0164506 55.7587 -0.457999 0.887722 -0.0467664 64.1774 -0.00680394 0.0491062 0.99877 0.141318
0.890785 0.454234 -0.0131893 56.4529 -0.454338 0.889666 -0.0455067 63.8075 -0.00893663 0.046529 0.998877 0.137819
0.892602 0.450697 -0.0115753 57.1546 -0.450733 0.891514 -0.0451805 63.4367 -0.0100431 0.0455456 0.998912 0.132887
0.894396 0.447138 -0.0111397 57.8671 -0.447182 0.89342 -0.0427721 63.0656 -0.00917263 0.0432367 0.999023 0.127795
0.895899 0.44407 -0.0129257 58.5858 -0.444217 0.895044 -0.0395896 62.696 -0.00601149 0.0412101 0.999132 0.123458
0.896522 0.44272 -0.01571 59.3129 -0.442998 0.895946 -0.0321562 62.3274 -0.00016088 0.0357883 0.999359 0.116033
0.896374 0.44297 -0.0170719 60.0428 -0.443291 0.895925 -0.0285015 61.9559 0.00266982 0.0331158 0.999448 0.112347
0.896406 0.442941 -0.0161121 60.7739 -0.443225 0.896026 -0.0262539 61.5836 0.00280791 0.0306754 0.999525 0.118677
0.896378 0.443121 -0.0122982 61.5048 -0.443291 0.896033 -0.0248643 61.2121 1.74653e-06 0.0277395 0.999615 0.131274
0.896308 0.443266 -0.0121168 62.2342 -0.443432 0.895936 -0.0258161 60.8385 -0.000587497 0.0285121 0.999593 0.140673
0.896389 0.443153 -0.0100803 62.9625 -0.443264 0.896056 -0.024506 60.4638 -0.00182736 0.0264352 0.999649 0.150435
0.896248 0.443457 -0.00919163 63.6898 -0.443548 0.895954 -0.0230627 60.0879 -0.00199203 0.0247468 0.999692 0.162675
0.896281 0.443401 -0.00867247 64.416 -0.443484 0.896048 -0.0204879 59.7162 -0.00131339 0.022209 0.999752 0.170139
0.895753 0.444475 -0.00828597 65.1419 -0.444552 0.895586 -0.0173223 59.3448 -0.000278537 0.0192001 0.999816 0.176639
0.894537 0.446941 -0.00686687 65.8677 -0.446993 0.894416 -0.0147368 58.9748 -0.000444652 0.0162521 0.999868 0.18467
0.892821 0.450391 -0.00441109 66.5913 -0.450408 0.89273 -0.0128716 58.6025 -0.00185935 0.0134788 0.999907 0.194239
0.890619 0.45475 -0.00110418 67.3145 -0.454729 0.890549 -0.012009 58.2284 -0.00447775 0.0111975 0.999927 0.206164
0.887722 0.460376 0.0020374 68.0344 -0.460328 0.887679 -0.0111135 57.8489 -0.00692494 0.00892782 0.999936 0.216425
0.884271 0.466967 0.00258989 68.7493 -0.466919 0.884238 -0.0104389 57.4645 -0.00716471 0.00802155 0.999942 0.223653
0.880169 0.474656 0.00206421 69.4577 -0.474621 0.880142 -0.00922081 57.0773 -0.00619351 0.00713616 0.999955 0.227796
0.875327 0.483531 0.00118972 70.1605 -0.483502 0.875296 -0.00907498 56.6814 -0.00542939 0.00736834 0.999958 0.23189
0.870313 0.492497 0.00137223 70.8559 -0.49246 0.870276 -0.0101528 56.2823 -0.00619443 0.00816032 0.999947 0.238817
0.864929 0.501884 0.00314542 71.5426 -0.501835 0.864907 -0.00983876 55.8797 -0.00765842 0.00693135 0.999947 0.246055
0.859256 0.511535 0.00327331 72.2247 -0.511476 0.859228 -0.0109378 55.4685 -0.00840758 0.00772415 0.999935 0.249512
0.853498 0.521087 0.00315354 72.8975 -0.521028 0.853468 -0.0110619 55.0517 -0.00845568 0.00779826 0.999934 0.252097
0.847657 0.530538 0.00259278 73.5612 -0.530487 0.847627 -0.0105992 54.6317 -0.00782098 0.00760903 0.99994 0.254985
0.841885 0.539654 0.00187336 74.2173 -0.539615 0.841858 -0.00952614 54.2064 -0.00671792 0.00700902 0.999953 0.256788
0.836232 0.548376 0.000684855 74.8625 -0.548347 0.836199 -0.00934658 53.7782 -0.00569812 0.00744037 0.999956 0.258568
0.830909 0.556408 -0.000313571 75.4961 -0.556385 0.830871 -0.00943693 53.3471 -0.00499025 0.0080157 0.999955 0.261758
0.825486 0.564422 -0.000965024 76.1186 -0.564405 0.825443 -0.0095132 52.9125 -0.00457289 0.00839768 0.999954 0.266695
0.820054 0.572284 -0.00129444 76.7321 -0.572268 0.820009 -0.0097476 52.4783 -0.00451695 0.00873432 0.999952 0.270779
0.815001 0.579457 -0.00175462 77.3337 -0.57944 0.814943 -0.0108234 52.0412 -0.00484178 0.00983777 0.99994 0.276646
0.810573 0.585636 -0.00149175 77.9247 -0.585605 0.810497 -0.0127071 51.6033 -0.00623268 0.0111736 0.999918 0.283602
0.807361 0.590055 -0.00170901 78.5032 -0.590004 0.807244 -0.015873 51.167 -0.00798634 0.0138235 0.999873 0.293105
0.804898 0.59341 -0.00183395 79.075 -0.593327 0.804726 -0.019446 50.7312 -0.0100636 0.0167402 0.999809 0.299092
0.803102 0.595838 -0.0017347 79.6369 -0.595729 0.802891 -0.0217423 50.3007 -0.0115621 0.0184947 0.999762 0.302738
0.801999 0.597323 -0.00141207 80.1848 -0.597197 0.801777 -0.0225571 49.879 -0.0123417 0.0189341 0.999745 0.305214
0.801354 0.598189 -0.00166501 80.7229 -0.598063 0.801122 -0.022875 49.4637 -0.0123497 0.0193267 0.999737 0.306332
0.801704 0.597714 -0.00311349 81.2456 -0.597615 0.801451 -0.0230702 49.0576 -0.011294 0.0203561 0.999729 0.306655
0.803334 0.59551 -0.00471251 81.7543 -0.595442 0.803058 -0.0233617 48.6631 -0.0101277 0.0215733 0.999716 0.307212
0.806168 0.591661 -0.00546228 82.2504 -0.591614 0.805891 -0.0230916 48.2825 -0.00926043 0.0218473 0.999718 0.308332
0.810616 0.585552 -0.00555026 82.7324 -0.585515 0.810352 -0.0223715 47.9193 -0.00860204 0.0213845 0.999734 0.31032
0.816827 0.576858 -0.00531127 83.201 -0.576825 0.816581 -0.0216171 47.5708 -0.00813291 0.0207211 0.999752 0.313665
0.824432 0.565937 -0.00520512 83.6553 -0.565907 0.82419 -0.0214731 47.2399 -0.00786241 0.0206487 0.999756 0.318132
0.833725 0.55215 -0.00571253 84.0988 -0.552143 0.833506 -0.0201488 46.9306 -0.00636373 0.0199527 0.999781 0.32105
0.844817 0.535007 -0.00727962 84.5411 -0.535044 0.84463 -0.0181044 46.6363 -0.00353741 0.0191898 0.99981 0.326508
0.8573 0.514737 -0.00911348 84.9822 -0.514818 0.857159 -0.0155097 46.3552 -0.000171715 0.0179882 0.999838 0.33174
0.871263 0.490717 -0.00984355 85.4243 -0.490813 0.871156 -0.013806 46.0848 0.00180042 0.01686 0.999856 0.336536
0.886663 0.462326 -0.00914557 85.8691 -0.462412 0.886565 -0.0132961 45.8285 0.00196099 0.0160182 0.99987 0.343193
0.903233 0.429095 -0.0068807 86.3157 -0.42915 0.903117 -0.0144766 45.5883 2.26079e-06 0.0160286 0.999872 0.35234
0.920283 0.391241 -0.00300402 86.7665 -0.391239 0.92016 -0.0154314 45.3684 -0.0032732 0.0153765 0.999876 0.363463
0.936817 0.349812 0.0024381 87.2197 -0.349732 0.936714 -0.0159454 45.1707 -0.0078617 0.0140852 0.99987 0.37509
0.952571 0.304219 0.00770326 87.6799 -0.304089 0.952533 -0.0145485 44.9907 -0.0117635 0.011516 0.999865 0.385778
0.96708 0.254233 0.0110624 88.1412 -0.254092 0.967097 -0.0127014 44.8419 -0.0139275 0.00947238 0.999858 0.395916
0.979785 0.199684 0.0121579 88.6 -0.199535 0.979811 -0.0124731 44.7162 -0.0144031 0.009795 0.999848 0.399974
0.990101 0.139958 0.0105533 89.0573 -0.139784 0.990057 -0.0157251 44.6144 -0.0126492 0.0140943 0.999821 0.403309
0.997106 0.0757281 0.00676819 89.5107 -0.0756001 0.996985 -0.017504 44.5423 -0.00807333 0.0169417 0.999824 0.404164
0.999956 0.00916675 0.00187121 89.9633 -0.00912641 0.999747 -0.0205357 44.5004 -0.00205898 0.0205177 0.999787 0.404665
0.998277 -0.0586657 -0.00136346 90.4123 0.0586289 0.998096 -0.0191553 44.4929 0.00248462 0.0190424 0.999816 0.403336
0.991947 -0.126604 -0.00366168 90.8578 0.126519 0.991803 -0.017885 44.5175 0.00589597 0.0172777 0.999833 0.403194
0.980942 -0.194241 -0.0049029 91.2989 0.194117 0.980794 -0.0190441 44.5716 0.00850789 0.0177294 0.999807 0.406097
0.965551 -0.260193 -0.0032922 91.7336 0.260071 0.965361 -0.0210137 44.6547 0.00864579 0.0194336 0.999774 0.414502
0.945895 -0.324468 0.00189263 92.1594 0.324437 0.945684 -0.0205277 44.7674 0.00487077 0.0200311 0.999788 0.427639
0.922 -0.387083 0.00914144 92.5742 0.387189 0.921806 -0.0189127 44.9106 -0.00110586 0.020977 0.999779 0.444069
0.894858 -0.446105 0.0148233 92.9788 0.44631 0.894733 -0.0161474 45.0865 -0.00605945 0.0210654 0.99976 0.457743
0.865475 -0.500507 0.021113 93.3757 0.500813 0.86546 -0.0128804 45.2891 -0.0118257 0.0217213 0.999694 0.468555
0.8355 -0.548928 0.0248326 93.7636 0.549241 0.835629 -0.00768304 45.5205 -0.0165334 0.0200583 0.999662 0.47905
0.806583 -0.59055 0.0259704 94.1403 0.590823 0.806792 -0.00373232 45.7784 -0.0187486 0.0183544 0.999656 0.483439
0.780128 -0.625157 0.0240659 94.5093 0.625267 0.780403 0.00357106 46.0667 -0.0210136 0.0122617 0.999704 0.479682
0.756301 -0.653906 0.0203841 94.8684 0.653948 0.75652 0.00549045 46.3708 -0.0190112 0.00917771 0.999777 0.468076
0.734466 -0.678398 0.0183141 95.2261 0.678413 0.734653 0.00633093 46.6885 -0.0177494 0.00777466 0.999812 0.456778
0.71792 -0.695771 0.0222245 95.5814 0.695916 0.718121 0.00163605 47.0168 -0.0170982 0.0142918 0.999752 0.451727
0.706367 -0.707408 0.0248824 95.9335 0.707629 0.706584 -0.00010413 47.3589 -0.0175078 0.017681 0.99969 0.451634
0.696958 -0.71677 0.0221543 96.2861 0.716913 0.69716 0.0020198 47.7161 -0.0168929 0.014475 0.999753 0.443008
0.689783 -0.723786 0.0182636 96.6423 0.723818 0.689965 0.00602173 48.0883 -0.0169597 0.00906584 0.999815 0.427839
0.685158 -0.728288 0.0124303 97.0007 0.728226 0.685267 0.00982479 48.4711 -0.0156733 0.00232053 0.999874 0.417441
0.683012 -0.730384 0.00583521 97.367 0.730309 0.68303 0.0108809 48.8647 -0.0119328 -0.00317026 0.999924 0.410191
0.682335 -0.731033 0.0031986 97.7408 0.730975 0.682326 0.0103836 49.2636 -0.00977324 -0.00474699 0.999941 0.409411
0.683925 -0.729549 0.00226569 98.1238 0.729518 0.68392 0.00750707 49.6701 -0.00702632 -0.00348142 0.999969 0.407321
0.687014 -0.726644 -6.80735e-06 98.518 0.726644 0.687014 0.000254368 50.0845 -0.000180158 -0.000179701 1 0.397899
0.690085 -0.723724 -0.00258001 98.9182 0.72371 0.690089 -0.00456596 50.5053 0.00508493 0.00128372 0.999986 0.390256
0.693254 -0.72067 -0.00578946 99.3286 0.720679 0.693268 -0.000729665 50.9393 0.00453949 -0.0036665 0.999983 0.391788
0.697345 -0.716707 -0.00633547 99.7462 0.716735 0.697326 0.00525385 51.3824 0.000652416 -0.0082046 0.999966 0.398463
0.700918 -0.713239 -0.00205597 100.18 0.713231 0.700889 0.00746005 51.8265 -0.00387979 -0.00669527 0.99997 0.407306
0.703626 -0.710558 0.00426619 100.626 0.710503 0.70363 0.00949289 52.2736 -0.00974706 -0.0036483 0.999946 0.416299
0.706115 -0.708041 0.00887945 101.08 0.707946 0.706168 0.0118194 52.7286 -0.014639 -0.00205973 0.999891 0.421836
0.708421 -0.705675 0.0127592 101.542 0.705609 0.708533 0.00984404 53.1903 -0.015987 0.00202927 0.99987 0.420065
0.708873 -0.705198 0.0139632 102.015 0.70521 0.708982 0.00487409 53.6544 -0.0133368 0.00639187 0.999891 0.414819
0.708736 -0.705379 0.0115924 102.494 0.705435 0.708774 -0.00111411 54.1264 -0.00743051 0.00896728 0.999932 0.406928
0.708325 -0.705858 0.00630198 102.977 0.705886 0.70829 -0.00706844 54.6091 0.000525686 0.00945523 0.999955 0.396996
0.706664 -0.707549 0.00128012 103.47 0.707532 0.706632 -0.00839454 55.1009 0.00503497 0.00683784 0.999964 0.390054
0.704861 -0.709334 0.00403103 103.972 0.709344 0.704837 -0.0059251 55.602 0.00136165 0.00703576 0.999974 0.393111
0.703605 -0.710506 0.0110096 104.484 0.710567 0.703625 -0.00262531 56.1138 -0.00588134 0.00967026 0.999936 0.40493
0.701743 -0.712279 0.0146766 105.001 0.712317 0.70185 0.0034251 56.6336 -0.0127404 0.00805085 0.999886 0.41579
0.70036 -0.713683 0.0123466 105.52 0.71368 0.700451 0.00542206 57.1645 -0.0125178 0.00501411 0.999909 0.414577
0.69899 -0.715109 0.0056341 106.044 0.715088 0.699013 0.00552749 57.7059 -0.00789107 0.000165213 0.999969 0.405671
0.696387 -0.717664 0.00180695 106.578 0.717662 0.696389 0.00169591 58.2517 -0.00247544 0.000115769 0.999997 0.396534
0.693408 -0.720545 0.000555913 107.118 0.720544 0.693406 -0.00182424 58.8071 0.00092897 0.0016655 0.999998 0.39216
0.69065 -0.723183 0.00282199 107.665 0.723189 0.690648 -0.00197889 59.3727 -0.000517902 0.00340755 0.999994 0.396323
0.688027 -0.725653 0.00674631 108.217 0.725682 0.68802 -0.00373098 59.9455 -0.0019342 0.0074627 0.99997 0.403647
0.68661 -0.726965 0.00944424 108.776 0.72701 0.686623 -0.00227675 60.5301 -0.00482952 0.0084293 0.999953 0.411406
0.685457 -0.727995 0.0131387 109.345 0.728075 0.685494 -0.00212327 61.1317 -0.0074608 0.0110214 0.999911 0.41439
0.684957 -0.728366 0.01779 109.916 0.72853 0.684998 -0.00464186 61.7345 -0.00880517 0.0161401 0.999831 0.415937
0.684483 -0.728806 0.0180409 110.491 0.728959 0.684551 -0.00305458 62.3451 -0.0101238 0.0152419 0.999833 0.417529
0.684825 -0.728578 0.013751 111.065 0.728659 0.684875 -0.00137893 62.9602 -0.00841306 0.0109641 0.999905 0.415088
0.685265 -0.728254 0.00758357 111.642 0.728275 0.685285 4.24996e-05 63.5801 -0.00522786 0.0054938 0.999971 0.410377
0.685799 -0.727791 0.00106682 112.223 0.727782 0.685796 0.00413822 64.2014 -0.00374338 -0.00206157 0.999991 0.40557
0.687645 -0.726036 -0.00394653 112.806 0.726034 0.68759 0.00972541 64.8302 -0.0043474 -0.00955295 0.999945 0.406689
0.69002 -0.723774 -0.00486228 113.392 0.723755 0.689905 0.014445 65.4589 -0.0071004 -0.0134864 0.999884 0.413083
0.691828 -0.722042 -0.00549541 113.987 0.722033 0.691711 0.0143231 66.0844 -0.00654064 -0.013877 0.999882 0.415425
0.693331 -0.720584 -0.00714241 114.584 0.720611 0.693244 0.0115032 66.7131 -0.00333757 -0.0131224 0.999908 0.411301
0.694071 -0.719905 -0.00139392 115.192 0.719894 0.694046 0.00725297 67.3493 -0.00425401 -0.00603755 0.999973 0.404882
0.694392 -0.719589 0.00343809 115.799 0.719585 0.6944 0.00235334 67.9788 -0.00408085 0.000839861 0.999991 0.40291
0.695459 -0.71855 0.00467804 116.403 0.718554 0.69547 0.00116625 68.6086 -0.00409144 0.00255035 0.999988 0.402832
0.696202 -0.717839 0.00327682 117.005 0.717822 0.696208 0.00501045 69.2405 -0.00587804 -0.00113611 0.999982 0.400327
0.696862 -0.717188 0.00490872 117.607 0.71712 0.696869 0.0106062 69.8716 -0.0110274 -0.0038709 0.999932 0.400235
0.697553 -0.716511 0.00553546 118.209 0.716329 0.697518 0.0184614 70.4963 -0.0170889 -0.0089126 0.999814 0.404804
0.698467 -0.715637 0.00280157 118.806 0.715554 0.698436 0.0130181 71.1036 -0.011273 -0.00708805 0.999911 0.407078
0.698811 -0.715304 -0.00194633 119.407 0.715304 0.698813 -0.00104594 71.7018 0.00210829 -0.000661306 0.999998 0.40598
0.698522 -0.715571 -0.00493045 120.01 0.715467 0.698514 -0.0136207 72.2972 0.0131905 0.00598676 0.999895 0.408269
0.697917 -0.716178 -0.000613656 120.611 0.716139 0.697888 -0.00985337 72.8982 0.00748503 0.00643738 0.999951 0.425707
0.69699 -0.716922 0.0150992 121.211 0.716942 0.697115 0.00500277 73.5029 -0.0141125 0.00733841 0.999873 0.457691
0.695794 -0.71774 0.0268251 121.81 0.717532 0.696281 0.0184387 74.1051 -0.031912 0.00641838 0.99947 0.485449
0.695414 -0.718255 0.0225869 122.4 0.718095 0.695762 0.0159915 74.6997 -0.0272011 0.00509887 0.999617 0.47346
0.694763 -0.719187 0.00859739 122.987 0.719146 0.694816 0.007744 75.2892 -0.011543 0.000802534 0.999933 0.440455
0.693994 -0.719975 0.00300077 123.574 0.719977 0.693998 0.000404196 75.8764 -0.00237354 0.00187998 0.999995 0.416841
0.692655 -0.721252 0.00488689 124.162 0.721269 0.692646 -0.00367732 76.4635 -0.000732612 0.00607188 0.999981 0.41701
0.690697 -0.72311 0.00705536 124.74 0.723132 0.690709 -0.000980684 77.0584 -0.00416406 0.00577931 0.999975 0.420309
0.688146 -0.725543 0.00654586 125.31 0.725568 0.688145 -0.00271948 77.6513 -0.0025314 0.00662087 0.999975 0.408209
0.684622 -0.728881 0.00503653 125.879 0.728898 0.684607 -0.0044742 78.2403 -0.000186886 0.00673426 0.999977 0.391411
0.682261 -0.731105 0.00220434 126.439 0.731108 0.682262 -0.000446373 78.8348 -0.00117759 0.00191615 0.999997 0.386695
0.680597 -0.732649 -0.00349784 126.998 0.732657 0.680594 0.00234714 79.4313 0.000660977 -0.00416018 0.999991 0.376321
0.679218 -0.733927 -0.00383432 127.557 0.733935 0.679194 0.00591404 80.0276 -0.00173622 -0.00683106 0.999975 0.376519
0.678169 -0.734906 4.41389e-05 128.117 0.734878 0.678144 0.00868207 80.6219 -0.00641043 -0.00585547 0.999962 0.379755
0.677208 -0.735791 0.00130354 128.674 0.735758 0.677193 0.00834204 81.2147 -0.00702074 -0.0046902 0.999964 0.379634
0.67534 -0.737506 0.000800423 129.227 0.737499 0.675337 0.00393865 81.8103 -0.00344534 -0.00206962 0.999992 0.375232
0.672045 -0.740506 0.00263084 129.776 0.74051 0.672043 -0.001603 82.3981 -0.000581007 0.00302545 0.999995 0.368523
0.667212 -0.744856 0.00413042 130.322 0.744866 0.66719 -0.00565502 82.9956 0.0014564 0.00684971 0.999976 0.367158
0.662165 -0.749322 0.00726585 130.862 0.749352 0.662166 -0.00266844 83.6003 -0.00281168 0.00721163 0.99997 0.37381
0.657456 -0.753372 0.0134922 131.398 0.753403 0.657549 0.00368989 84.2081 -0.0116517 0.00773914 0.999902 0.385395
0.654121 -0.756085 0.0214638 131.925 0.756113 0.654386 0.00846956 84.8233 -0.0204493 0.0106889 0.999734 0.38873
0.65095 -0.758896 0.0184285 132.445 0.758727 0.651203 0.0163871 85.4396 -0.0244368 0.00331497 0.999696 0.382122
0.647633 -0.761836 0.0132995 132.961 0.761697 0.647769 0.014572 86.0574 -0.0197165 0.000692875 0.999805 0.367696
0.642398 -0.766332 0.00773516 133.48 0.766312 0.642441 0.00597299 86.6703 -0.00954668 0.00209051 0.999952 0.3477
0.637384 -0.770519 0.00647695 133.998 0.770541 0.637389 -0.00161024 87.291 -0.00288761 0.00601709 0.999978 0.330876
0.632234 -0.774738 0.00782406 134.514 0.774771 0.632237 -0.00240313 87.9188 -0.00308487 0.0075812 0.999967 0.327878
0.626185 -0.779661 0.00465128 135.027 0.779644 0.626202 0.00512117 88.5553 -0.00690542 0.000419545 0.999976 0.332971
0.620018 -0.784587 -0.000392672 135.531 0.784564 0.619996 0.0079852 89.1963 -0.00602163 -0.00525905 0.999968 0.329691
0.612235 -0.790657 -0.00549497 136.037 0.790676 0.612216 0.00480448 89.8339 -0.000434586 -0.00728621 0.999973 0.320547
0.60536 -0.795931 -0.00586214 136.538 0.795948 0.605363 0.00136509 90.4764 0.00246221 -0.00549233 0.999982 0.311205
0.598897 -0.800809 -0.00515021 137.035 0.800825 0.598893 0.00250512 91.1284 0.0010783 -0.00562472 0.999984 0.308889
0.592574 -0.805506 -0.00407031 137.52 0.805495 0.592515 0.0101753 91.7904 -0.00578453 -0.00930822 0.99994 0.309193
0.586065 -0.810256 -0.00355924 138 0.810181 0.585937 0.0168709 92.4594 -0.0115843 -0.0127711 0.999851 0.311922
0.57989 -0.814694 -0.00106139 138.476 0.814547 0.579759 0.01979 93.1277 -0.0155075 -0.0123406 0.999804 0.311841
0.57466 -0.818392 -0.000185984 138.949 0.818214 0.57453 0.0210155 93.7986 -0.017092 -0.0122289 0.999779 0.307384
0.571033 -0.820927 -0.000334583 139.417 0.820771 0.570917 0.019702 94.4753 -0.0159829 -0.0115251 0.999806 0.301731
0.567358 -0.823442 -0.00691086 139.882 0.823412 0.567196 0.016751 95.1538 -0.00987367 -0.0151943 0.999836 0.29189
0.564393 -0.825359 -0.0156107 140.336 0.825495 0.564187 0.0158378 95.8361 -0.00426451 -0.0218253 0.999753 0.278783
0.56211 -0.826859 -0.0183157 140.789 0.827062 0.561954 0.0132668 96.5223 -0.00067722 -0.0226056 0.999744 0.267089
0.559533 -0.828638 -0.0167955 141.249 0.828783 0.559242 0.0191552 97.2129 -0.00648001 -0.0246378 0.999675 0.26337
0.55772 -0.829915 -0.0137702 141.704 0.829878 0.557225 0.0283358 97.9096 -0.0158432 -0.027231 0.999504 0.261267
0.554987 -0.831795 -0.0103317 142.159 0.831509 0.55435 0.0359013 98.6031 -0.0241352 -0.0285157 0.999302 0.259572
0.551048 -0.834417 -0.00974035 142.611 0.83418 0.550506 0.0329737 99.292 -0.0221517 -0.0262953 0.999409 0.245775
0.546736 -0.837287 -0.00542608 143.063 0.837191 0.546543 0.020049 99.9769 -0.0138212 -0.0155042 0.999784 0.226363
0.540982 -0.841022 -0.00449427 143.512 0.841009 0.540917 0.0105938 100.665 -0.00647863 -0.00951079 0.999934 0.201893
0.535142 -0.844733 -0.0069845 143.951 0.844725 0.535022 0.0138555 101.362 -0.00796734 -0.0133146 0.99988 0.187547
0.528891 -0.848685 -0.00295408 144.388 0.848591 0.528773 0.0170775 102.065 -0.0129314 -0.011539 0.99985 0.182429
0.522581 -0.852585 0.00298795 144.828 0.852406 0.522537 0.0189561 102.77 -0.017723 -0.00735914 0.999816 0.176434
0.517631 -0.855529 0.0113401 145.265 0.85537 0.517754 0.0165497 103.484 -0.0200301 0.00113334 0.999799 0.164797
0.512422 -0.85859 0.0157235 145.7 0.858479 0.51263 0.014974 104.203 -0.0209169 0.00582528 0.999764 0.154446
0.507219 -0.861669 0.0159902 146.127 0.861677 0.507384 0.00860665 104.924 -0.0155292 0.00941292 0.999835 0.138884
0.501217 -0.865144 0.0175521 146.55 0.865305 0.50123 -0.00392388 105.643 -0.00540293 0.0171546 0.999838 0.117348
0.495255 -0.868415 0.024028 146.975 0.868744 0.494988 -0.0164311 106.363 0.00237539 0.0290118 0.999576 0.104897
0.48966 -0.871518 0.0262549 147.392 0.871897 0.489616 -0.00853442 107.096 -0.00541693 0.0270706 0.999619 0.10381
0.484909 -0.874233 0.0240798 147.798 0.874372 0.485196 0.00761099 107.841 -0.0183372 0.0173641 0.999681 0.106549
0.480487 -0.876701 0.0229604 148.201 0.87658 0.480903 0.0184316 108.588 -0.0272007 0.0112705 0.999566 0.107271
0.477029 -0.878602 0.0224139 148.601 0.878515 0.477414 0.0169621 109.332 -0.0256036 0.0115995 0.999605 0.091725
0.475535 -0.879547 0.0162285 148.996 0.879566 0.475701 0.00844584 110.079 -0.0151484 0.0102578 0.999833 0.0657628
0.473185 -0.880961 0.00212978 149.388 0.880949 0.473189 0.00463826 110.828 -0.00509392 -0.000318527 0.999987 0.0420181
0.471446 -0.881895 0.000163973 149.783 0.881894 0.471445 0.00165999 111.581 -0.00154124 -0.00063799 0.999999 0.0313048
0.46904 -0.883147 0.0073364 150.187 0.883163 0.469063 0.00170447 112.333 -0.00494652 0.00567978 0.999972 0.033938
0.468622 -0.883321 0.011721 150.586 0.883288 0.468732 0.00959526 113.09 -0.0139697 0.00585649 0.999885 0.0384253
0.46884 -0.883185 0.0131758 150.982 0.883049 0.469007 0.0159958 113.853 -0.0203068 0.00413544 0.999785 0.0420964
0.467405 -0.883939 0.0135913 151.38 0.883839 0.467572 0.0143056 114.612 -0.0190002 0.00532602 0.999805 0.038754
0.465673 -0.884893 0.0105895 151.777 0.884882 0.465756 0.00745991 115.368 -0.0115333 0.00589653 0.999916 0.0291627
0.463888 -0.885785 0.0138545 152.178 0.885894 0.463832 -0.00725268 116.122 -1.84029e-06 0.0156381 0.999878 0.0180576
0.461965 -0.88664 0.0214053 152.58 0.886882 0.461675 -0.0172298 116.873 0.0053943 0.0269436 0.999622 0.0176772
0.460865 -0.88719 0.0223052 152.976 0.88747 0.46069 -0.0127221 117.634 0.00101114 0.0256583 0.99967 0.0256855
0.459637 -0.887826 0.0223332 153.367 0.888067 0.459709 -0.00211842 118.396 -0.00838599 0.0208071 0.999748 0.0419369
0.458054 -0.888629 0.0229206 153.752 0.888812 0.458254 0.00410325 119.15 -0.0141497 0.0184926 0.999729 0.0514364
0.45724 -0.889047 0.0229584 154.139 0.889283 0.457357 -0.000186411 119.899 -0.0103344 0.0205018 0.999736 0.0472833
0.457241 -0.889127 0.0195978 154.527 0.889334 0.457223 -0.00564211 120.645 -0.00394399 0.0200088 0.999792 0.038428
0.457035 -0.889356 0.0127998 154.906 0.889446 0.457022 -0.00414228 121.397 -0.00216583 0.0132779 0.99991 0.0341475
0.456608 -0.889587 0.0120155 155.286 0.889645 0.456651 0.00100997 122.146 -0.00638536 0.0102284 0.999927 0.0399355
0.455831 -0.890006 0.0103334 155.666 0.890016 0.455898 0.00528635 122.891 -0.00941587 0.00678722 0.999933 0.0452919
0.455503 -0.890189 0.00902684 156.044 0.890149 0.455576 0.00926977 123.636 -0.0123643 0.00381282 0.999916 0.0450272
0.455027 -0.890461 0.00546636 156.417 0.890393 0.45506 0.0109667 124.381 -0.012253 -0.000122955 0.999925 0.0415367
0.454523 -0.890716 0.00586595 156.788 0.890678 0.454559 0.00832403 125.122 -0.0100808 0.0014412 0.999948 0.038605
0.453669 -0.891169 0.00129535 157.154 0.89116 0.453671 0.00407991 125.855 -0.00422355 -0.000696565 0.999991 0.0284371
0.452566 -0.891731 -0.00025293 157.516 0.891726 0.452562 0.00362392 126.585 -0.0031171 -0.00186561 0.999993 0.020773
0.45508 -0.89045 -0.000619204 157.839 0.890447 0.455076 0.00309131 127.221 -0.00247088 -0.00195816 0.999995 0.0138951
0.457765 -0.889073 -0.000945266 158.159 0.889071 0.457762 0.00254053 127.854 -0.00182601 -0.00200338 0.999996 0.007042
0.460447 -0.887686 -0.00127475 158.48 0.887686 0.460445 0.00199159 128.486 -0.00118096 -0.0020486 0.999997 0.000186826
0.463124 -0.886292 -0.00160748 158.8 0.886293 0.463122 0.0014448 129.119 -0.000536054 -0.00209382 0.999998 -0.00666678
