0.517124 -0.855199 0.034885 -3.06413 0.855864 0.51709 -0.0106914 -4.81789 -0.00889543 0.0353856 0.999334 0.331509
0.495122 -0.868695 0.0149131 -2.69574 0.867398 0.493254 -0.0657398 -4.21497 0.0497519 0.0454848 0.997725 0.332078
0.492237 -0.870459 0.00183702 -2.31914 0.866419 0.489747 -0.0972958 -3.59919 0.0837923 0.0494842 0.995254 0.362026
0.489392 -0.871997 -0.01082 -1.94985 0.864753 0.486855 -0.123188 -2.96684 0.112687 0.0509304 0.992324 0.405516
0.486681 -0.873306 -0.0218584 -1.57639 0.862848 0.484461 -0.14419 -2.3263 0.136511 0.0513139 0.989309 0.458351
0.483834 -0.874572 -0.0320637 -1.19995 0.861235 0.482326 -0.160113 -1.67223 0.155495 0.0498537 0.986578 0.518015
0.480715 -0.875896 -0.041475 -0.825202 0.86027 0.480245 -0.171175 -1.01104 0.169849 0.0466066 0.984367 0.579998
0.477631 -0.87722 -0.0485101 -0.445284 0.85997 0.478109 -0.178501 -0.341034 0.179778 0.0435405 0.982743 0.641867
0.474563 -0.878604 -0.0533318 -0.0625574 0.860444 0.475819 -0.182297 0.341471 0.185543 0.0406222 0.981796 0.702769
0.47191 -0.87996 -0.0545187 0.32374 0.860414 0.473152 -0.189248 1.03079 0.192326 0.0423992 0.980415 0.805556
0.469411 -0.881038 -0.0585258 0.715472 0.86119 0.471455 -0.189952 1.73003 0.194947 0.0387636 0.980048 0.904508
0.467192 -0.882284 -0.0575063 1.10914 0.863732 0.469332 -0.183558 2.44972 0.18894 0.0360868 0.981325 0.943952
0.465356 -0.883438 -0.0545902 1.50705 0.866423 0.467268 -0.175987 3.17741 0.180982 0.0345982 0.982878 0.978854
0.463595 -0.884584 -0.0508921 1.90467 0.869366 0.465209 -0.166684 3.9096 0.171122 0.0330303 0.984696 1.00863
0.462046 -0.885744 -0.0444023 2.30547 0.872778 0.463027 -0.154483 4.6522 0.157392 0.0326249 0.986997 1.02969
0.460522 -0.886863 -0.0373298 2.70893 0.876311 0.460938 -0.140051 5.40371 0.141413 0.031784 0.98944 1.04355
0.458991 -0.887835 -0.0327995 3.1132 0.879094 0.459194 -0.127811 6.16455 0.128536 0.0298301 0.991256 1.05056
0.457417 -0.88873 -0.0304865 3.51956 0.881287 0.457631 -0.117928 6.93525 0.118758 0.027075 0.992554 1.05059
0.45617 -0.889431 -0.0286459 3.92708 0.88285 0.456368 -0.110924 7.71742 0.111732 0.0253101 0.993416 1.0472
0.457566 -0.888836 -0.0245605 4.33832 0.883176 0.457509 -0.103372 8.50751 0.103118 0.0256084 0.994339 1.03937
0.458476 -0.888499 -0.0192102 4.75383 0.883965 0.458153 -0.0932783 9.30421 0.0916789 0.0257847 0.995455 1.02766
0.458051 -0.88883 -0.0130484 5.17564 0.885266 0.457447 -0.083941 10.1109 0.0805782 0.026898 0.996385 1.01542
0.458321 -0.888753 -0.00770867 5.59721 0.886118 0.457599 -0.073474 10.9231 0.0688278 0.0268439 0.997267 0.993745
0.458217 -0.888834 -0.00327763 6.02011 0.886839 0.457429 -0.0653817 11.7379 0.0596128 0.0270522 0.997855 0.968814
0.456811 -0.889564 -0.0004459 6.44567 0.887911 0.455992 -0.060707 12.5558 0.0542061 0.0273357 0.998156 0.940391
0.455138 -0.89042 0.00101488 6.87222 0.88911 0.454405 -0.0547644 13.381 0.0483022 0.0258277 0.998499 0.912136
0.456182 -0.889877 0.00419645 7.30264 0.889022 0.455526 -0.0462165 14.2158 0.0392154 0.0248139 0.998923 0.880172
0.458631 -0.888588 0.00830552 7.73617 0.888142 0.458053 -0.0372989 15.0513 0.029339 0.0244829 0.99927 0.842939
0.460298 -0.88766 0.013622 8.17337 0.887546 0.45979 -0.0292319 15.8929 0.0196847 0.0255455 0.99948 0.802816
0.461236 -0.887081 0.0187036 8.61453 0.887213 0.460844 -0.0218393 16.7347 0.0107537 0.0266671 0.999587 0.758788
0.462266 -0.886478 0.0216256 9.05698 0.886727 0.461981 -0.0169994 17.5813 0.00507895 0.0270343 0.999622 0.716884
0.464523 -0.885332 0.0201416 9.5045 0.885546 0.464261 -0.0164384 18.4331 0.00520245 0.0254723 0.999662 0.67683
0.46673 -0.884226 0.0175089 9.95785 0.884349 0.466399 -0.0199856 19.2904 0.00950564 0.0248119 0.999647 0.640808
0.468311 -0.88339 0.0175195 10.4148 0.883499 0.467945 -0.0214029 20.1554 0.010709 0.0255017 0.999617 0.60965
0.470353 -0.882235 0.0207322 10.8786 0.882455 0.47004 -0.0183061 21.0319 0.00640534 0.0269056 0.999617 0.578728
0.472235 -0.880917 0.0312926 11.3445 0.88147 0.472025 -0.0142536 21.9098 -0.00221464 0.0343146 0.999409 0.545441
0.4697 -0.881908 0.0402585 11.8127 0.882767 0.46971 -0.00979725 22.7874 -0.0102695 0.0401406 0.999141 0.51078
0.46665 -0.883454 0.0417852 12.2789 0.884371 0.46669 -0.00938192 23.6657 -0.0112123 0.0413317 0.999083 0.478059
0.465719 -0.884085 0.0387177 12.7441 0.884899 0.465638 -0.0116433 24.5518 -0.00773478 0.0396837 0.999182 0.445937
0.462037 -0.886111 0.0364619 13.2112 0.886844 0.461889 -0.0128739 25.4438 -0.00543368 0.0382842 0.999252 0.421834
0.457851 -0.888271 0.0366974 13.681 0.888995 0.457806 -0.0101173 26.3428 -0.00781337 0.037256 0.999275 0.398941
0.456782 -0.888827 0.0365751 14.1474 0.889503 0.456893 -0.00574994 27.2432 -0.0116002 0.0351602 0.999314 0.37632
0.456243 -0.889035 0.038201 14.612 0.889741 0.456452 -0.00357953 28.1429 -0.0142546 0.0356221 0.999264 0.353477
0.453406 -0.890437 0.0392929 15.0771 0.891133 0.453741 -0.00043372 29.046 -0.0174426 0.0352119 0.999228 0.329734
0.450714 -0.891781 0.0397995 15.5365 0.892436 0.451166 0.00273186 29.9467 -0.0203924 0.0342872 0.999204 0.306232
0.450593 -0.891855 0.0395103 15.9948 0.892445 0.451125 0.00525778 30.8482 -0.0225132 0.0328916 0.999205 0.281696
0.451421 -0.891337 0.041681 16.4519 0.891936 0.452093 0.00786703 31.7455 -0.0258558 0.0336255 0.9991 0.256623
0.45095 -0.891541 0.0424132 16.9096 0.892137 0.451676 0.00892785 32.6418 -0.0271165 0.0338124 0.99906 0.228168
0.453517 -0.890408 0.0386792 17.364 0.890974 0.454026 0.00506717 33.534 -0.0220732 0.0321642 0.999239 0.205642
0.454988 -0.889698 0.0377389 17.8192 0.890289 0.455389 0.00233696 34.4282 -0.0192651 0.0325353 0.999285 0.189591
0.453483 -0.890431 0.0385584 18.2747 0.89108 0.453846 0.00075937 35.3192 -0.0181758 0.0340143 0.999256 0.174407
0.452224 -0.891025 0.0396059 18.7265 0.891656 0.452699 0.00348544 36.2033 -0.0210352 0.0337387 0.999209 0.160954
0.452422 -0.890962 0.0387457 19.1757 0.891517 0.452951 0.00567764 37.0883 -0.0226085 0.0319738 0.999233 0.147165
0.452915 -0.890904 0.0340151 19.6222 0.891417 0.453185 0.000232599 37.9701 -0.0156223 0.0302162 0.999421 0.135508
0.453454 -0.890776 0.0299703 20.0694 0.891241 0.453491 -0.00593364 38.8488 -0.00830572 0.0294014 0.999533 0.131397
0.45365 -0.890661 0.0304214 20.5172 0.891156 0.453623 -0.00818524 39.7288 -0.0065096 0.0308235 0.999504 0.130944
0.452973 -0.890901 0.0333303 20.9607 0.891484 0.452991 -0.00744542 40.6013 -0.00846518 0.033086 0.999417 0.132661
0.453208 -0.890692 0.0356296 21.4007 0.891349 0.453266 -0.00689908 41.4669 -0.0100047 0.0348851 0.999341 0.134326
0.453555 -0.890429 0.0377508 21.8432 0.891166 0.453617 -0.00738424 42.3339 -0.0105493 0.0369914 0.99926 0.135006
0.453117 -0.890656 0.0376504 22.2823 0.89142 0.453048 -0.010842 43.1948 -0.00740095 0.038475 0.999232 0.134422
0.45446 -0.889979 0.0374709 22.7184 0.890759 0.454231 -0.0149043 44.0533 -0.00375597 0.040151 0.999187 0.137635
0.45375 -0.890211 0.0404322 23.1572 0.891104 0.453612 -0.0130537 44.914 -0.00671999 0.0419524 0.999097 0.141346
0.449491 -0.892224 0.0435113 23.5902 0.893192 0.449612 -0.00751959 45.7694 -0.012854 0.042244 0.999025 0.14143
0.446558 -0.893585 0.0457459 24.0146 0.894563 0.446936 -0.00215512 46.6179 -0.0185197 0.0418849 0.998951 0.13459
0.444559 -0.894517 0.0469657 24.4332 0.895479 0.445102 0.00122397 47.4569 -0.0219994 0.0415127 0.998896 0.123441
0.442404 -0.895742 0.0438669 24.8455 0.896644 0.442747 -0.00208782 48.2862 -0.0175518 0.0402567 0.999035 0.112647
0.439731 -0.897364 0.0370654 25.2511 0.89809 0.439723 -0.00879806 49.1115 -0.00840344 0.0371568 0.999274 0.106183
0.438172 -0.89835 0.031177 25.6505 0.898891 0.437947 -0.0140771 49.9269 -0.00100771 0.0341929 0.999415 0.106591
0.438108 -0.898457 0.0289024 26.0461 0.898921 0.437921 -0.0128448 50.73 -0.00111648 0.0316083 0.9995 0.113922
0.437739 -0.898638 0.0288738 26.4333 0.899095 0.437635 -0.0101537 51.5194 -0.00351164 0.0304049 0.999532 0.119176
0.437331 -0.898879 0.0275439 26.8127 0.899298 0.437203 -0.0108384 52.2923 -0.00229985 0.0295102 0.999562 0.122608
0.437117 -0.899037 0.0257184 27.1866 0.899404 0.436958 -0.0117829 53.0555 -0.000644547 0.0282817 0.9996 0.126808
0.436283 -0.899442 0.0257008 27.5527 0.899805 0.436188 -0.00949505 53.8024 -0.00267012 0.0272682 0.999625 0.131824
0.434049 -0.900479 0.0272069 27.9122 0.900873 0.434026 -0.00705196 54.5387 -0.00545837 0.0275709 0.999605 0.133753
0.431371 -0.901788 0.0264168 28.2618 0.902156 0.431364 -0.00625882 55.2644 -0.00575112 0.026532 0.999631 0.132805
0.430241 -0.902376 0.0246901 28.6048 0.902692 0.430262 -0.00474857 55.978 -0.00633821 0.0243306 0.999684 0.131453
0.429126 -0.902896 0.0250795 28.9394 0.903181 0.42926 -6.01704e-05 56.6778 -0.0107113 0.0226771 0.999685 0.128078
0.427489 -0.90366 0.025536 29.2668 0.903879 0.427751 0.00560353 57.3634 -0.0159867 0.020686 0.999658 0.120548
0.42706 -0.903871 0.0252513 29.5799 0.904045 0.427364 0.00791005 58.0255 -0.0179412 0.0194503 0.99965 0.112901
0.426331 -0.904235 0.0245271 29.8914 0.904395 0.426622 0.00795378 58.68 -0.0176559 0.0187912 0.999668 0.101809
0.422577 -0.906075 0.0213606 30.1878 0.906245 0.422738 0.00346465 59.3109 -0.0121692 0.0178939 0.999766 0.0916027
0.421371 -0.906767 0.0148227 30.4738 0.906888 0.421296 -0.00801539 59.9257 0.00102335 0.01682 0.999858 0.0865002
0.422969 -0.906067 0.0118066 30.7532 0.906129 0.42285 -0.0113289 60.5239 0.00527232 0.01549 0.999866 0.0909154
0.425032 -0.905024 0.0167042 31.0264 0.905171 0.425031 -0.00378718 61.1019 -0.00367233 0.0167299 0.999853 0.0972371
0.427717 -0.903585 0.024349 31.2929 0.903851 0.427846 0.000101369 61.6623 -0.0105092 0.0219645 0.999704 0.0949184
0.427738 -0.903385 0.030579 31.5505 0.903822 0.427907 -0.00110788 62.2042 -0.0120841 0.0281118 0.999532 0.0879481
0.423955 -0.905196 0.0296989 31.8078 0.905661 0.423947 -0.00686886 62.7383 -0.00637309 0.0298092 0.999535 0.0836983
0.423647 -0.905449 0.0261934 32.0535 0.905827 0.423508 -0.0109053 63.2563 -0.00121897 0.0283467 0.999597 0.0795177
0.43381 -0.900699 0.0234716 32.2991 0.901004 0.433668 -0.0110884 63.7665 -0.000191582 0.0259583 0.999663 0.0755643
0.445355 -0.895077 0.0222726 32.543 0.895349 0.445134 -0.0143436 64.2602 0.00292433 0.0263298 0.999649 0.0740865
0.44954 -0.892838 0.0274583 32.7842 0.89326 0.449292 -0.0149608 64.7389 0.00102074 0.0312529 0.999511 0.0759273
0.451551 -0.891549 0.0352453 33.0208 0.892179 0.451645 -0.00570231 65.2007 -0.0108345 0.0340201 0.999362 0.0787541
0.458968 -0.887733 0.0357619 33.2553 0.88825 0.459351 0.00289048 65.6456 -0.0189933 0.0304389 0.999356 0.0755826
0.477485 -0.878106 0.0306262 33.4897 0.878392 0.477888 0.00711712 66.0785 -0.0208855 0.0235035 0.999506 0.068762
0.502348 -0.864261 0.0264389 33.7287 0.864428 0.502692 0.00809224 66.4909 -0.0202844 0.0187894 0.999618 0.0606873
0.526556 -0.84973 0.0264291 33.9745 0.849963 0.526827 0.00407138 66.8903 -0.0173831 0.0203199 0.999642 0.0523502
0.549478 -0.835016 0.0286695 34.2265 0.835339 0.549733 0.00124913 67.2736 -0.0168036 0.0232623 0.999588 0.047446
0.574438 -0.817944 0.0314505 34.4872 0.81831 0.574774 0.00207046 67.6436 -0.0197705 0.0245469 0.999503 0.0417873
0.602529 -0.79734 0.0347571 34.7588 0.797699 0.603033 0.00534581 68.0025 -0.0252221 0.0245047 0.999381 0.0345972
0.633468 -0.772877 0.0371339 35.0425 0.773193 0.634118 0.00815661 68.3468 -0.0298513 0.0235447 0.999277 0.0257888
0.667751 -0.743475 0.0367936 35.3041 0.743804 0.668367 0.00646296 68.6714 -0.0293967 0.0230516 0.999302 0.0221929
0.703683 -0.709666 0.0347017 35.6071 0.709927 0.704248 0.00623821 68.9845 -0.0288656 0.0202459 0.999378 0.0129667
0.740962 -0.670667 0.0343749 35.8889 0.670898 0.741525 0.00600861 69.2743 -0.0295196 0.0186099 0.999391 0.0110882
0.778905 -0.626163 0.0350192 36.2146 0.626298 0.779539 0.00832471 69.5481 -0.0325115 0.0154483 0.999352 0.00156985
0.816491 -0.576159 0.0372016 36.5263 0.576225 0.81723 0.0100092 69.7875 -0.0361692 0.013264 0.999258 -0.00248558
0.852532 -0.521383 0.0367306 36.8401 0.521426 0.853247 0.00917857 70.0041 -0.0361258 0.0113272 0.999283 -0.00834426
0.886253 -0.462238 0.0298656 37.1686 0.462333 0.886697 0.00406468 70.1974 -0.0283606 0.0102055 0.999546 -0.0143853
0.91572 -0.401218 0.021947 37.5009 0.401334 0.915931 -0.000999834 70.3691 -0.0197008 0.00972365 0.999759 -0.0183089
0.940174 -0.340161 0.0190418 37.8376 0.340275 0.940321 -0.00297353 70.5114 -0.0168939 0.00927508 0.999814 -0.0196332
0.960024 -0.279028 0.0222907 38.1851 0.279128 0.960253 -0.00144961 70.6335 -0.0210002 0.00761362 0.99975 -0.0229298
0.976009 -0.216111 0.0264924 38.5442 0.216167 0.976356 0.000766033 70.7387 -0.0260316 0.00497912 0.999649 -0.0305066
0.988286 -0.150101 0.0275774 38.9121 0.150111 0.988668 0.00172955 70.816 -0.0275245 0.00243037 0.999618 -0.0394852
0.995813 -0.0877009 0.0257922 39.28 0.0877779 0.996138 -0.00186639 70.8735 -0.0255289 0.00412255 0.999666 -0.0483786
0.999094 -0.0357597 0.0230926 39.6419 0.0358995 0.999339 -0.00566782 70.9076 -0.0228746 0.00649169 0.999717 -0.0531953
0.999663 0.0117608 0.0231478 40.016 -0.0116516 0.99992 -0.00484848 70.9371 -0.023203 0.00457714 0.99972 -0.0602585
0.997312 0.0687028 0.0254833 40.3918 -0.0687291 0.997635 0.00015419 70.9473 -0.0254125 -0.00190522 0.999675 -0.0694885
0.991287 0.129335 0.0249566 40.7678 -0.129406 0.991591 0.00123874 70.9323 -0.0245865 -0.00445749 0.999688 -0.0810525
0.983259 0.180931 0.0215948 41.1543 -0.180824 0.983492 -0.00684299 70.9001 -0.0224764 0.00282358 0.999743 -0.0942148
0.97721 0.21116 0.0217043 41.5397 -0.210769 0.977351 -0.0189918 70.8502 -0.0252231 0.0139844 0.999584 -0.104163
0.973838 0.226094 0.0228231 41.9225 -0.22546 0.973868 -0.0273703 70.7872 -0.0284149 0.0215086 0.999365 -0.110138
0.969209 0.245531 0.0186686 42.3093 -0.245094 0.969228 -0.0229503 70.7122 -0.0237292 0.0176681 0.999562 -0.114973
0.959634 0.280947 0.013062 42.7102 -0.280837 0.959707 -0.00965798 70.6231 -0.0152491 0.00559984 0.999868 -0.121058
0.947607 0.319223 0.0117088 43.1157 -0.319214 0.947679 -0.00263912 70.5189 -0.0119386 -0.00123677 0.999928 -0.125734
0.937029 0.348776 0.0182436 43.5293 -0.348696 0.937206 -0.00749009 70.4 -0.0197104 0.000656955 0.999806 -0.130393
0.929417 0.367645 0.031949 43.9433 -0.367118 0.929932 -0.0212435 70.2689 -0.0375204 0.00801499 0.999264 -0.135547
0.92611 0.376217 0.027949 44.3608 -0.375487 0.926401 -0.0281151 70.1247 -0.0364693 0.0155432 0.999214 -0.142864
0.922378 0.386288 -0.000329998 44.7977 -0.386234 0.922234 -0.0175389 69.9683 -0.00647071 0.0163049 0.999846 -0.148625
0.915415 0.401997 -0.0203387 45.2496 -0.402147 0.915567 -0.00378158 69.7944 0.0171013 0.0116409 0.999786 -0.148371
0.908456 0.417533 -0.0193644 45.7116 -0.417616 0.908624 -0.000284012 69.6049 0.0174763 0.00834488 0.999812 -0.143419
0.901823 0.431944 -0.0118346 46.1767 -0.432007 0.901864 -0.00330001 69.405 0.00924774 0.00808863 0.999925 -0.138039
0.89582 0.444364 -0.00691814 46.6535 -0.444414 0.895763 -0.0102387 69.1935 0.00164731 0.0122465 0.999924 -0.135698
0.891419 0.453142 -0.00584852 47.1415 -0.453174 0.891271 -0.016416 68.9712 -0.00222618 0.017284 0.999848 -0.135202
0.887797 0.46018 -0.00708816 47.6339 -0.460225 0.887577 -0.0199859 68.7341 -0.00290582 0.0210056 0.999775 -0.133045
0.88475 0.466007 -0.00743292 48.1362 -0.466054 0.884499 -0.0213193 68.4861 -0.00336055 0.0223264 0.999745 -0.131635
0.882783 0.469721 -0.00745075 48.6542 -0.469756 0.882466 -0.0241261 68.2253 -0.0047575 0.0247982 0.999681 -0.131482
0.880777 0.473473 -0.00748318 49.1848 -0.473513 0.880488 -0.022945 67.9549 -0.00427501 0.0237528 0.999709 -0.131074
0.87713 0.480138 -0.0104985 49.7291 -0.480249 0.876825 -0.023201 67.6701 -0.00193436 0.0253922 0.999676 -0.131067
0.874761 0.48439 -0.0126236 50.2873 -0.484555 0.874435 -0.0238932 67.3751 -0.000535109 0.0270176 0.999635 -0.130674
0.873982 0.485742 -0.0145105 50.8574 -0.485958 0.873589 -0.0262167 67.069 -5.83305e-05 0.0299645 0.999551 -0.128431
0.872449 0.488488 -0.0145842 51.4396 -0.488705 0.872027 -0.0271373 66.7519 -0.000538473 0.0308033 0.999525 -0.128476
0.870307 0.492269 -0.0153683 52.0295 -0.492508 0.869806 -0.0295729 66.4276 -0.0011904 0.0333066 0.999444 -0.126627
0.869733 0.493219 -0.0172881 52.6398 -0.493517 0.869039 -0.0348173 66.0896 -0.00214852 0.0388137 0.999244 -0.128264
0.871276 0.490461 -0.0180563 53.2632 -0.490781 0.870415 -0.0388698 65.7474 -0.00334762 0.042728 0.999081 -0.130762
0.87293 0.487484 -0.0187821 53.9014 -0.487833 0.871982 -0.0408297 65.3998 -0.00352621 0.044804 0.99899 -0.134418
0.874739 0.484163 -0.02045 54.5525 -0.484589 0.873757 -0.0415009 65.0466 -0.0022249 0.0462123 0.998929 -0.136424
0.877363 0.479367 -0.0210131 55.2219 -0.479823 0.876331 -0.0425873 64.6855 -0.00200052 0.047447 0.998872 -0.138633
0.88011 0.474319 -0.020666 55.9072 -0.474762 0.87903 -0.0436676 64.3209 -0.00254635 0.0482438 0.998832 -0.14106
0.882831 0.469342 -0.0180916 56.6065 -0.46967 0.881777 -0.0433509 63.9501 -0.00439371 0.0467686 0.998896 -0.145863
0.885363 0.464673 -0.0145657 57.3164 -0.464855 0.884397 -0.0418662 63.5785 -0.00657228 0.0438377 0.999017 -0.149812
0.887116 0.461361 -0.0130882 58.0355 -0.461494 0.886235 -0.0401389 63.2077 -0.00691929 0.041648 0.999108 -0.156643
0.888916 0.457924 -0.0115613 58.7575 -0.457997 0.888041 -0.0402817 62.8323 -0.00817906 0.0411021 0.999121 -0.161031
0.890922 0.454043 -0.0101296 59.4858 -0.454085 0.890171 -0.037456 62.457 -0.00798952 0.0379701 0.999247 -0.165802
0.891073 0.453668 -0.0131745 60.2206 -0.453855 0.890559 -0.0303256 62.0778 -0.00202511 0.0330016 0.999453 -0.16773
0.89027 0.454988 -0.0201238 60.9561 -0.455375 0.889992 -0.0234059 61.706 0.00726064 0.0300014 0.999523 -0.16641
0.889647 0.456063 -0.0231398 61.6968 -0.456485 0.889544 -0.0182466 61.325 0.0122622 0.026796 0.999566 -0.160208
0.889305 0.456753 -0.0226499 62.4243 -0.45716 0.889201 -0.0180747 60.9522 0.0118847 0.0264286 0.99958 -0.149008
0.88913 0.457137 -0.0217754 63.158 -0.457515 0.889029 -0.0175594 60.5737 0.0113319 0.0255752 0.999609 -0.142279
0.88934 0.456824 -0.0196344 63.8899 -0.457137 0.889247 -0.0163232 60.1961 0.010003 0.0234925 0.999674 -0.132605
0.88966 0.45631 -0.0169414 64.6199 -0.456559 0.889547 -0.0161281 59.8206 0.00771077 0.0220833 0.999726 -0.12934
0.88964 0.456431 -0.014539 65.3439 -0.456618 0.889547 -0.014362 59.4452 0.00637789 0.0194158 0.999791 -0.125665
0.88919 0.45732 -0.0141272 66.0702 -0.457487 0.889128 -0.0125397 59.0717 0.00682626 0.0176132 0.999822 -0.124557
0.887793 0.460017 -0.0143949 66.7929 -0.460167 0.88778 -0.00967936 58.6971 0.00832682 0.0152173 0.99985 -0.118084
0.885483 0.464482 -0.0132539 67.5153 -0.464585 0.885508 -0.00599241 58.3208 0.0089531 0.0114638 0.999894 -0.111692
0.882733 0.46974 -0.0112394 68.2323 -0.469811 0.882754 -0.00476876 57.9405 0.00768155 0.00948994 0.999925 -0.106344
0.879226 0.476324 -0.00873177 68.9379 -0.476387 0.879202 -0.00767569 57.5656 0.00402087 0.0109084 0.999932 -0.103795
0.874677 0.484678 -0.00531266 69.6411 -0.484707 0.874617 -0.0102596 57.1814 -0.000326066 0.0115489 0.999933 -0.105564
0.869273 0.494321 -0.0034435 70.3348 -0.494327 0.869208 -0.0108754 56.794 -0.00238283 0.0111559 0.999935 -0.108032
0.86353 0.504266 -0.00573421 71.0215 -0.504298 0.863465 -0.0105972 56.3995 -0.000392497 0.0120427 0.999927 -0.110473
0.857736 0.514036 -0.00743732 71.702 -0.514088 0.857683 -0.00965508 55.9963 0.0014158 0.0121049 0.999926 -0.111851
0.851467 0.524374 -0.0060027 72.3745 -0.524409 0.851403 -0.0103999 55.5857 -0.000342735 0.0120031 0.999928 -0.112067
0.845064 0.534641 -0.00509383 73.0407 -0.534661 0.844977 -0.0122948 55.169 -0.00226914 0.0131134 0.999911 -0.11639
0.838582 0.544753 -0.00495139 73.698 -0.544766 0.83848 -0.0134833 54.747 -0.00319344 0.0140042 0.999897 -0.119223
0.831899 0.554914 -0.00391355 74.3428 -0.554913 0.831805 -0.013091 54.321 -0.00400908 0.0130621 0.999907 -0.121516
0.825042 0.565062 -0.00324607 74.9857 -0.565051 0.82495 -0.0131914 53.8908 -0.00477611 0.0127176 0.999908 -0.1279
0.818097 0.575061 -0.00471303 75.6171 -0.575068 0.817999 -0.0132173 53.4569 -0.00374546 0.0135233 0.999902 -0.132991
0.812201 0.583349 -0.00582655 76.2355 -0.583373 0.812109 -0.0124483 53.0221 -0.0025299 0.0135095 0.999906 -0.136958
0.806324 0.591434 -0.00689513 76.848 -0.59147 0.806221 -0.013086 52.5857 -0.00218053 0.0146299 0.999891 -0.137521
0.800307 0.599532 -0.00834121 77.4521 -0.599587 0.800179 -0.014458 52.1472 -0.00199355 0.0165721 0.999861 -0.140294
0.794627 0.607023 -0.00959083 78.0457 -0.607097 0.794487 -0.0149567 51.707 -0.00145927 0.0177076 0.999842 -0.143897
0.789419 0.613751 -0.0112617 78.6308 -0.613853 0.789243 -0.0167114 51.2646 -0.00136848 0.0201053 0.999797 -0.147918
0.785936 0.618189 -0.0121185 79.2034 -0.618302 0.785694 -0.0197 50.8302 -0.00265694 0.0229758 0.999732 -0.150692
0.784022 0.620617 -0.0119998 79.7673 -0.620707 0.783665 -0.0243309 50.3975 -0.00569638 0.0265243 0.999632 -0.155604
0.783486 0.621303 -0.0114951 80.32 -0.621357 0.783045 -0.0274849 49.9739 -0.00807529 0.0286766 0.999556 -0.161321
0.782308 0.622787 -0.0114317 80.8607 -0.622819 0.781801 -0.0297396 49.5543 -0.00958418 0.0303854 0.999492 -0.167642
0.781136 0.624254 -0.011525 81.3883 -0.624278 0.780598 -0.0307233 49.1473 -0.0101828 0.0311939 0.999461 -0.173835
0.781509 0.623763 -0.0127753 81.9009 -0.623811 0.780906 -0.0323425 48.7495 -0.0101977 0.0332453 0.999395 -0.179049
0.783874 0.620755 -0.0142913 82.4015 -0.62084 0.783197 -0.0340551 48.3643 -0.00994695 0.0355675 0.999318 -0.183198
0.787175 0.616553 -0.0147739 82.8865 -0.616657 0.786489 -0.0342007 47.9979 -0.00946702 0.0360324 0.999306 -0.184676
0.791997 0.610317 -0.0159638 83.3543 -0.610482 0.791358 -0.0326255 47.6484 -0.00727879 0.0355849 0.99934 -0.184201
0.799747 0.600101 -0.0168438 83.8092 -0.600309 0.799123 -0.0321007 47.3183 -0.0058034 0.0357839 0.999343 -0.183138
0.809029 0.587579 -0.0149221 84.2553 -0.587724 0.808396 -0.0328182 47.0066 -0.00722028 0.035321 0.99935 -0.181133
0.818918 0.573755 -0.0133688 84.6858 -0.573849 0.818269 -0.0336442 46.7119 -0.00836425 0.0352235 0.999344 -0.178242
0.832511 0.553832 -0.0139918 85.1185 -0.553976 0.831919 -0.0319691 46.4336 -0.00606553 0.0343658 0.999391 -0.174602
0.847252 0.53097 -0.0153365 85.5555 -0.531186 0.846752 -0.0292045 46.1684 -0.00252055 0.0328901 0.999456 -0.169964
0.863206 0.504616 -0.0154129 86.0007 -0.504851 0.862802 -0.026427 45.9225 -3.71969e-05 0.0305932 0.999532 -0.165257
0.881407 0.472068 -0.0165363 86.4537 -0.472347 0.881087 -0.0239483 45.6912 0.00326466 0.0289191 0.999576 -0.162113
0.901009 0.433417 -0.0182314 86.9084 -0.433749 0.900752 -0.022535 45.4813 0.00665484 0.0282121 0.99958 -0.157506
0.920852 0.389553 -0.0167256 87.3692 -0.389855 0.920602 -0.0224756 45.2951 0.00664223 0.0272172 0.999608 -0.153807
0.939546 0.342272 -0.0101336 87.8379 -0.342418 0.939266 -0.0230197 45.1309 0.0016392 0.025098 0.999684 -0.151856
0.956635 0.291279 -0.00228227 88.3072 -0.291253 0.956366 -0.0231611 44.9949 -0.00456367 0.0228215 0.999729 -0.150553
0.971071 0.238765 0.00356025 88.7783 -0.238626 0.970843 -0.0228169 44.8867 -0.00890433 0.0213073 0.999733 -0.151502
0.982894 0.184075 0.00597242 89.2427 -0.183883 0.982652 -0.0241052 44.8096 -0.010306 0.0225946 0.999692 -0.150377
0.99265 0.120802 0.00724935 89.6974 -0.120556 0.992311 -0.0280215 44.7608 -0.0105786 0.0269416 0.999581 -0.146181
0.998742 0.0493573 0.00887302 90.1648 -0.0490568 0.998303 -0.0313872 44.7358 -0.0104071 0.0309125 0.999468 -0.143656
0.999656 -0.0248476 0.00839911 90.6146 0.0251105 0.999146 -0.0328042 44.7464 -0.00757683 0.0330038 0.999426 -0.136555
0.99518 -0.0979372 0.00493688 91.0757 0.0980442 0.99469 -0.0312941 44.7827 -0.00184581 0.0316273 0.999498 -0.132615
0.986262 -0.165165 -0.002939 91.5294 0.165001 0.985827 -0.0303208 44.8479 0.00790528 0.0294193 0.999536 -0.125334
0.97285 -0.231065 -0.0131029 91.9542 0.230528 0.97249 -0.0334694 44.9454 0.0204761 0.0295402 0.999354 -0.110692
0.954077 -0.298948 -0.0191759 92.3648 0.298106 0.953796 -0.0375022 45.0706 0.0295011 0.0300635 0.999113 -0.0936078
0.930188 -0.366704 -0.0166831 92.7987 0.365919 0.929898 -0.0373302 45.2224 0.0292027 0.0286194 0.999164 -0.0835965
0.902347 -0.430882 -0.0105467 93.216 0.430298 0.901991 -0.035432 45.4045 0.02478 0.0274337 0.999316 -0.0740721
0.871553 -0.490274 -0.00514922 93.6163 0.489854 0.871158 -0.0335671 45.6108 0.0209429 0.0267332 0.999423 -0.0651721
0.839836 -0.542838 -0.00131737 94.0062 0.542557 0.839474 -0.030258 45.8387 0.0175311 0.024697 0.999541 -0.0558287
0.806777 -0.590845 0.00364525 94.3899 0.590736 0.806473 -0.0251497 46.0903 0.0119198 0.0224436 0.999677 -0.0481397
0.774704 -0.632224 0.0111959 94.7573 0.63232 0.774519 -0.0170891 46.3599 0.00213272 0.0203184 0.999791 -0.041886
0.750232 -0.660944 0.0174664 95.1138 0.661106 0.750274 -0.00533078 46.6444 -0.00958121 0.0155464 0.999833 -0.0370231
0.733151 -0.679887 0.0156155 95.4566 0.679995 0.733213 -0.00233692 46.9402 -0.00986067 0.0123318 0.999875 -0.0335587
0.715588 -0.698422 0.0118334 95.791 0.698522 0.715505 -0.0109562 47.246 -0.000814801 0.016106 0.99987 -0.0292567
0.698681 -0.715325 0.0124838 96.1268 0.715413 0.69842 -0.0198684 47.5661 0.00549337 0.0228127 0.999725 -0.022984
0.686539 -0.726915 0.0160979 96.4635 0.727091 0.686314 -0.0176606 47.8985 0.00178957 0.0238293 0.999714 -0.0162489
0.678438 -0.734473 0.0164739 96.7999 0.734651 0.678358 -0.0109217 48.242 -0.00315353 0.0195123 0.999805 -0.0110318
0.673695 -0.738914 0.0119273 97.139 0.739004 0.673664 -0.00701743 48.5951 -0.00284971 0.0135419 0.999904 -0.00639362
0.67316 -0.739493 0.00236621 97.4852 0.739487 0.67313 -0.00742513 48.9592 0.00389806 0.00674808 0.99997 -0.00220129
0.677929 -0.735082 -0.00811132 97.8395 0.734986 0.677974 -0.0121523 49.3329 0.0144322 0.00227672 0.999893 0.00374521
0.683147 -0.730232 -0.00851546 98.2061 0.730129 0.683196 -0.0124757 49.7156 0.0149279 0.00230534 0.999886 0.0117035
0.687942 -0.725757 -0.00355242 98.5866 0.725697 0.687937 -0.0103122 50.1096 0.009928 0.00451624 0.999941 0.018978
0.691462 -0.722396 -0.0049222 98.9688 0.722248 0.691434 -0.0166436 50.5023 0.0154266 0.00795337 0.999849 0.0307411
0.691676 -0.722086 -0.0132672 99.368 0.721741 0.691772 -0.0232547 50.9128 0.0259698 0.00650923 0.999642 0.0428987
0.695403 -0.718314 -0.0209794 99.785 0.71794 0.695719 -0.0231998 51.3393 0.0312605 0.00107131 0.999511 0.0542478
0.704988 -0.70883 -0.0234802 100.212 0.70846 0.705379 -0.0228978 51.7725 0.0327931 -0.000492115 0.999462 0.0683367
0.71237 -0.701492 -0.0209492 100.657 0.701164 0.712677 -0.0214292 52.2187 0.0299624 0.000576701 0.999551 0.0778921
0.714145 -0.699851 -0.0143332 101.109 0.699636 0.714285 -0.0175008 52.6646 0.0224859 0.00247007 0.999744 0.087645
0.71673 -0.697325 -0.00607206 101.569 0.697239 0.716744 -0.011661 53.1188 0.0124836 0.00412408 0.999914 0.0928537
0.719615 -0.694373 0.000967662 102.038 0.69435 0.719577 -0.0093338 53.5795 0.00578483 0.00738863 0.999956 0.0955732
0.717636 -0.696402 0.00481621 102.515 0.696419 0.717612 -0.00585747 54.0446 0.000622988 0.00755763 0.999971 0.0985457
0.713043 -0.701062 0.00905729 103.002 0.701115 0.713028 -0.0053992 54.5201 -0.00267292 0.0102001 0.999944 0.101571
0.710416 -0.703774 0.00345023 103.498 0.703771 0.710367 -0.00927389 55.0112 0.0040758 0.00901649 0.999951 0.105262
0.710333 -0.70384 -0.00600909 104.002 0.703691 0.710321 -0.0162015 55.5127 0.0156716 0.00727989 0.999851 0.113258
0.708433 -0.705661 -0.012872 104.516 0.70534 0.708518 -0.0222986 56.0247 0.0248553 0.00671794 0.999668 0.123642
0.705363 -0.708738 -0.012387 105.04 0.708516 0.70546 -0.0181942 56.5513 0.0216335 0.00405712 0.999758 0.132142
0.700572 -0.713552 -0.00646903 105.564 0.713526 0.700602 -0.00615402 57.0827 0.00892342 -0.000304482 0.99996 0.140364
0.69828 -0.715808 -0.00488878 106.096 0.715823 0.698277 0.00254761 57.6269 0.00159012 -0.00527844 0.999985 0.143086
0.699432 -0.714668 -0.00670015 106.627 0.714699 0.69941 0.00554959 58.1703 0.000720037 -0.00867015 0.999962 0.148538
0.698222 -0.715791 -0.011427 107.169 0.715854 0.698247 0.00228021 58.7287 0.00634669 -0.00977213 0.999932 0.153114
0.696138 -0.717732 -0.0159176 107.713 0.717785 0.696258 -0.00311513 59.2912 0.0133186 -0.00925686 0.999868 0.164005
0.694267 -0.719491 -0.0180733 108.273 0.719495 0.694458 -0.00745789 59.8747 0.017917 -0.00782589 0.999809 0.173602
0.690141 -0.723403 -0.019836 108.833 0.723417 0.690368 -0.00780063 60.4601 0.0193372 -0.00896618 0.999773 0.186657
0.686411 -0.727054 -0.0152397 109.401 0.727076 0.686538 -0.00508461 61.0577 0.0141594 -0.00759026 0.999871 0.1965
0.683962 -0.729444 -0.0103739 109.976 0.729451 0.684023 -0.00372908 61.6664 0.00981617 -0.00501674 0.999939 0.202783
0.681144 -0.732102 -0.00839151 110.548 0.732104 0.681185 -0.00336885 62.2718 0.00818251 -0.00384879 0.999959 0.208963
0.676438 -0.736458 -0.00781156 111.127 0.736487 0.67645 0.0013546 62.8875 0.00428652 -0.00666941 0.999969 0.212824
0.675183 -0.737576 -0.0104746 111.7 0.737646 0.67516 0.0060934 63.5016 0.00257771 -0.0118407 0.999927 0.218115
0.675698 -0.73697 -0.0175157 112.281 0.737163 0.675646 0.00961188 64.1297 0.00475074 -0.0194066 0.9998 0.222003
0.674509 -0.737832 -0.0253075 112.861 0.738201 0.674509 0.00982986 64.7523 0.00981736 -0.0253124 0.999631 0.230323
0.677438 -0.734954 -0.0303562 113.449 0.735477 0.677456 0.0112358 65.3824 0.0123072 -0.0299379 0.999476 0.238642
0.682061 -0.73072 -0.0290138 114.043 0.731256 0.681901 0.016621 66.0122 0.00763929 -0.032553 0.999441 0.246219
0.686159 -0.726831 -0.030043 114.635 0.727406 0.685995 0.0170899 66.634 0.00818786 -0.0335798 0.999403 0.253148
0.690623 -0.722519 -0.0317203 115.237 0.723071 0.690696 0.0103668 67.2595 0.0144189 -0.0300956 0.999443 0.260725
0.692325 -0.721005 -0.0289431 115.835 0.721388 0.692517 0.00437109 67.876 0.016892 -0.0239054 0.999572 0.274489
0.69047 -0.722908 -0.0255844 116.436 0.723176 0.690661 0.00184788 68.497 0.0163343 -0.0197779 0.999671 0.287578
0.689686 -0.723698 -0.0243979 117.031 0.723997 0.68978 0.00567587 69.1115 0.0127216 -0.0215786 0.999686 0.299933
0.690178 -0.723117 -0.0275142 117.631 0.723521 0.690255 0.00811281 69.7268 0.0131253 -0.0255064 0.999588 0.3085
0.688861 -0.724272 -0.0299971 118.229 0.724783 0.688887 0.0111196 70.3458 0.012611 -0.0294012 0.999488 0.314189
0.688987 -0.724375 -0.0240188 118.826 0.724766 0.68875 0.0183609 70.9601 0.00324275 -0.0300584 0.999543 0.316652
0.691986 -0.721707 -0.0171424 119.419 0.72191 0.691752 0.0180361 71.5712 -0.00115851 -0.024856 0.99969 0.316109
0.692653 -0.721082 -0.0165192 120.008 0.721255 0.69261 0.00913789 72.1694 0.00485216 -0.0182439 0.999822 0.321991
0.689292 -0.724013 -0.026119 120.606 0.724152 0.689619 -0.00539434 72.7816 0.0219177 -0.0151959 0.999644 0.331509
0.688661 -0.724108 -0.0375957 121.2 0.724062 0.689517 -0.0173269 73.3889 0.0384694 -0.0152892 0.999143 0.351937
0.687854 -0.725243 -0.0296507 121.804 0.725332 0.688332 -0.00964324 74.0075 0.0274032 -0.0148735 0.999514 0.365872
0.685376 -0.72815 -0.00756016 122.391 0.728176 0.685265 0.0130859 74.6151 -0.00434776 -0.0144739 0.999886 0.372288
0.683951 -0.729521 0.00319364 122.969 0.729187 0.683759 0.0275557 75.2131 -0.0222862 -0.016518 0.999615 0.362996
0.684904 -0.728627 -0.00293683 123.544 0.728485 0.684677 0.0229643 75.8065 -0.0147216 -0.0178678 0.999732 0.35059
0.685954 -0.727429 -0.0176912 124.116 0.727605 0.685968 0.00624025 76.4022 0.00759625 -0.0171527 0.999824 0.348698
0.684057 -0.729107 -0.0216689 124.699 0.729271 0.684225 -0.000465972 77.0106 0.0151661 -0.0154837 0.999765 0.352579
0.680731 -0.732367 -0.0156303 125.268 0.732491 0.680767 0.0037238 77.6077 0.0079134 -0.0139839 0.999871 0.362557
0.677843 -0.735094 -0.0128594 125.841 0.73519 0.677843 0.00499567 78.2146 0.00504438 -0.0128404 0.999905 0.365589
0.670219 -0.742074 -0.0115505 126.398 0.742162 0.670171 0.00815947 78.8124 0.00168587 -0.0140409 0.9999 0.372082
0.664025 -0.747615 -0.0119055 126.956 0.747708 0.663899 0.0130604 79.4218 -0.00186009 -0.0175743 0.999844 0.371984
0.664912 -0.746694 -0.0184336 127.507 0.746913 0.664817 0.011794 80.0285 0.00344845 -0.0216103 0.999761 0.373897
0.665381 -0.746222 -0.0204973 128.063 0.746481 0.665325 0.0104579 80.6344 0.00583339 -0.0222593 0.999735 0.374758
0.664907 -0.746761 -0.0156907 128.614 0.746925 0.66479 0.0125083 81.2373 0.00109033 -0.0200367 0.999799 0.377946
0.665795 -0.746054 -0.0109639 129.16 0.74613 0.665667 0.0133478 81.8376 -0.00265992 -0.0170674 0.999851 0.378831
0.666484 -0.745488 -0.00680876 129.708 0.745509 0.666402 0.0111331 82.4435 -0.00376221 -0.012496 0.999915 0.378577
0.663599 -0.748074 -0.00457227 130.247 0.74808 0.663552 0.00861959 83.0385 -0.00341416 -0.00914038 0.999952 0.379015
0.657421 -0.753487 -0.00740837 130.788 0.753522 0.657411 0.00406554 83.6453 0.001807 -0.00825514 0.999964 0.378695
0.652117 -0.758075 -0.00815531 131.319 0.758113 0.652117 0.00302401 84.2475 0.00302579 -0.00815465 0.999962 0.381637
0.646431 -0.762962 -0.00409886 131.854 0.762965 0.64639 0.00804656 84.8563 -0.00348975 -0.00832883 0.999959 0.382035
0.640191 -0.768213 0.00185459 132.381 0.768068 0.640114 0.0180709 85.4629 -0.0150695 -0.0101444 0.999835 0.377034
0.637974 -0.770028 0.00680014 132.907 0.769605 0.637876 0.028678 86.0787 -0.0264205 -0.0130624 0.999566 0.362149
0.637801 -0.770149 0.00892849 133.42 0.769615 0.637725 0.0316191 86.6836 -0.0300454 -0.0132952 0.99946 0.347655
0.633369 -0.773806 0.00829097 133.935 0.77349 0.633365 0.0237159 87.3006 -0.0236027 -0.00860792 0.999684 0.335914
0.625671 -0.780087 0.000147061 134.447 0.780032 0.62563 0.0116948 87.9224 -0.00921497 -0.00720239 0.999932 0.32875
0.615428 -0.788138 -0.00926992 134.962 0.788193 0.615374 0.00822195 88.5609 -0.000775566 -0.0123665 0.999923 0.325682
0.608605 -0.793368 -0.0129103 135.47 0.793463 0.608435 0.014934 89.2002 -0.00399308 -0.0193328 0.999805 0.326636
0.606475 -0.794967 -0.0146751 135.977 0.795056 0.606136 0.0220084 89.8503 -0.00860083 -0.025015 0.99965 0.325019
0.599659 -0.800075 -0.0169984 136.48 0.800229 0.599329 0.0209372 90.4987 -0.0065637 -0.0261578 0.999636 0.32285
0.589596 -0.807425 -0.0210175 136.981 0.807697 0.589433 0.0139078 91.1571 0.00115885 -0.0251758 0.999682 0.324044
0.580755 -0.813628 -0.0270939 137.475 0.814047 0.580703 0.0105361 91.8238 0.00716107 -0.0281746 0.999577 0.328254
0.575121 -0.817578 -0.0282999 137.967 0.818063 0.5749 0.0162413 92.4972 0.00299112 -0.0324918 0.999468 0.330719
0.570511 -0.82089 -0.025616 138.451 0.821277 0.570047 0.0234626 93.1719 -0.00465786 -0.0344235 0.999397 0.330999
0.563127 -0.826068 -0.0223323 138.93 0.8263 0.562522 0.0282529 93.8479 -0.0107764 -0.0343632 0.999351 0.325758
0.555401 -0.831399 -0.0174468 139.406 0.831396 0.55471 0.0328431 94.5281 -0.0176278 -0.0327463 0.999308 0.315455
0.549635 -0.835231 -0.0170636 139.875 0.83517 0.548881 0.0349333 95.212 -0.0198115 -0.0334515 0.999244 0.304584
0.545716 -0.837693 -0.0215558 140.339 0.83773 0.544764 0.0379473 95.8957 -0.0200453 -0.0387664 0.999047 0.293964
0.544421 -0.838363 -0.0274456 140.8 0.838674 0.543446 0.0359435 96.5806 -0.0152185 -0.0425863 0.998977 0.284711
0.542625 -0.839297 -0.033749 141.259 0.839941 0.541804 0.0307877 97.2689 -0.00755468 -0.0450534 0.998956 0.279715
0.538419 -0.841837 -0.037622 141.721 0.842668 0.537668 0.0287034 97.9648 -0.00393546 -0.0471573 0.99888 0.274744
0.536649 -0.842906 -0.0389448 142.178 0.843791 0.535794 0.0306927 98.6619 -0.0050047 -0.0493325 0.99877 0.271359
0.536403 -0.843425 -0.0301071 142.629 0.843777 0.535198 0.0400495 99.3536 -0.0176655 -0.0468863 0.998744 0.264235
0.538664 -0.842352 -0.0168335 143.077 0.841973 0.537486 0.0468081 100.041 -0.0303812 -0.0393872 0.998762 0.252663
0.536032 -0.844145 -0.00943108 143.524 0.843621 0.535219 0.0429291 100.725 -0.0311907 -0.0309676 0.999034 0.236676
0.522221 -0.852645 -0.0167673 143.972 0.852638 0.52162 0.0303375 101.418 -0.0171209 -0.0301393 0.999399 0.224003
0.512476 -0.858429 -0.0216196 144.41 0.858675 0.512101 0.0207214 102.122 -0.00671641 -0.0291834 0.999552 0.21532
0.507951 -0.861264 -0.0145128 144.846 0.861302 0.507596 0.0224729 102.839 -0.0119884 -0.0239151 0.999642 0.21446
0.502382 -0.864639 -0.00353556 145.278 0.864437 0.502167 0.0240316 103.551 -0.0190032 -0.0151293 0.999705 0.209702
0.49701 -0.867736 0.00386631 145.704 0.867532 0.496982 0.019942 104.273 -0.0192258 -0.00655719 0.999794 0.199389
0.491799 -0.870652 0.00991455 146.129 0.870466 0.491899 0.0179958 104.996 -0.020545 -0.000220039 0.999789 0.19069
0.490671 -0.871111 0.0201611 146.544 0.871021 0.490988 0.015897 105.712 -0.0237469 0.0097605 0.99967 0.187775
0.493108 -0.869768 0.0186643 146.969 0.86981 0.493314 0.00850046 106.43 -0.0166008 0.0120427 0.99979 0.17732
0.481867 -0.876205 0.00829359 147.388 0.876244 0.481853 -0.00371375 107.149 -0.000742281 0.00905674 0.999959 0.174041
0.465366 -0.885118 -0.000547267 147.801 0.885103 0.465361 -0.00562503 107.886 0.0052335 0.00213331 0.999984 0.174632
0.460765 -0.887512 -0.0042301 148.205 0.887522 0.460761 0.00210734 108.624 7.87751e-05 -0.00472529 0.999989 0.179975
0.460463 -0.887675 0.00249395 148.605 0.887563 0.460446 0.0149026 109.366 -0.014377 -0.00464854 0.999886 0.177025
0.4582 -0.888807 0.00865023 149 0.888509 0.458273 0.0231778 110.102 -0.0245648 -0.00293429 0.999694 0.17026
0.454959 -0.890509 0.00254552 149.388 0.890257 0.454895 0.0226585 110.836 -0.0213355 -0.00804252 0.99974 0.163256
0.455717 -0.890067 -0.0101671 149.775 0.890078 0.455547 0.0154226 111.582 -0.00909551 -0.0160779 0.999829 0.146973
0.459165 -0.888243 -0.0138147 150.165 0.888348 0.459145 0.00478453 112.331 0.00209313 -0.0144692 0.999893 0.14553
0.455561 -0.890124 -0.0119521 150.567 0.890193 0.455583 0.00102395 113.084 0.00453373 -0.0111061 0.999928 0.147996
0.451272 -0.892334 -0.00969756 150.968 0.892386 0.451252 0.00428634 113.839 0.000551194 -0.0105883 0.999944 0.145615
0.44871 -0.893646 -0.00750184 151.367 0.893673 0.448666 0.00688685 114.598 -0.00278859 -0.0097944 0.999948 0.141868
0.449566 -0.893241 -0.00326557 151.764 0.893217 0.449518 0.0098797 115.354 -0.00735702 -0.00735844 0.999946 0.13802
0.456128 -0.889892 0.006262 152.159 0.88988 0.456161 0.00553157 116.107 -0.00777898 0.00304932 0.999965 0.139925
0.45638 -0.889721 0.0107029 152.555 0.889783 0.456323 -0.00740886 116.856 0.00170783 0.0129045 0.999915 0.141913
0.449614 -0.893186 0.00812052 152.947 0.893129 0.449416 -0.0185879 117.601 0.012953 0.0156101 0.999794 0.154284
0.445698 -0.89518 0.00237831 153.344 0.894979 0.445538 -0.0225665 118.362 0.0191415 0.0121864 0.999743 0.16008
0.447735 -0.894165 0.00169357 153.736 0.894034 0.447635 -0.0180541 119.122 0.0153853 0.00959758 0.999836 0.169004
0.447747 -0.894121 0.00841597 154.132 0.894157 0.447699 -0.00697679 119.885 0.00247027 0.010649 0.99994 0.171185
0.444343 -0.895751 0.0137305 154.518 0.89584 0.444377 -0.000626273 120.632 -0.00554054 0.0125786 0.999906 0.17277
0.444708 -0.895645 0.00731788 154.899 0.895675 0.444687 -0.00443389 121.383 0.000717025 0.00852623 0.999963 0.172115
0.446267 -0.894899 -0.000997739 155.282 0.894867 0.44626 -0.00801218 122.132 0.00761534 0.00268273 0.999967 0.173016
0.447047 -0.894501 -0.00402096 155.66 0.894502 0.447058 -0.0022194 122.871 0.00378285 -0.00260458 0.999989 0.174061
0.446445 -0.894803 -0.00366273 156.043 0.894809 0.446431 0.00406845 123.616 -0.00200531 -0.00509378 0.999985 0.171913
0.447073 -0.894494 -0.00240232 156.416 0.89449 0.447056 0.00544924 124.35 -0.00380035 -0.00458506 0.999982 0.171929
0.449471 -0.893295 -0.000119737 156.789 0.893278 0.449461 0.00633322 125.086 -0.00560362 -0.00295356 0.99998 0.169826
0.448534 -0.893762 0.00263325 157.155 0.893707 0.448537 0.0101044 125.808 -0.010212 -0.00217879 0.999945 0.172546
0.447835 -0.894116 0.000177777 157.521 0.894072 0.447815 0.0098587 126.532 -0.00889443 -0.00425613 0.999951 0.171278
0.449086 -0.893464 -0.00659817 157.885 0.893488 0.449084 0.00198689 127.251 0.00118791 -0.00678767 0.999976 0.164383
0.450468 -0.892721 -0.0113415 158.248 0.892726 0.450553 -0.00647774 127.965 0.0108927 -0.0072068 0.999915 0.166045
0.451946 -0.891907 -0.0157266 158.613 0.891842 0.452149 -0.013407 128.674 0.0190686 -0.00796637 0.999786 0.158028
0.453219 -0.891237 -0.017008 158.969 0.890957 0.453513 -0.0228387 129.374 0.0280681 -0.00480242 0.999594 0.171455
0.454431 -0.89056 -0.0198693 159.319 0.890039 0.45485 -0.0307023 130.063 0.0363798 -0.0037324 0.999331 0.181624
